336.20,230.90,1
346.00,233.14,1
360.12,233.30,1
338.56,226.95,1
346.76,230.07,1
307.61,227.33,1
370.05,229.29,1
360.04,232.47,1
388.87,236.82,1
320.71,224.17,1
371.81,232.43,1
400.38,236.83,1
338.03,227.22,1
313.79,221.90,1
343.72,224.47,1
361.09,230.05,1
399.39,233.08,1
334.33,229.50,1
305.09,225.64,1
351.16,230.05,1
360.59,233.47,1
348.33,228.80,1
338.57,229.30,1
316.36,227.11,1
387.43,234.97,1
333.61,232.27,1
356.48,227.80,1
316.01,225.42,1
361.78,231.10,1
350.03,225.51,1
327.98,229.95,1
326.97,227.09,1
294.91,222.47,1
335.39,228.15,1
339.22,231.39,1
334.57,226.53,1
367.26,229.55,1
377.33,229.95,1
365.64,228.04,1
344.76,227.59,1
337.54,225.61,1
376.48,232.81,1
349.88,231.63,1
383.46,232.80,1
320.16,225.75,1
348.92,228.87,1
347.39,226.19,1
364.32,231.62,1
328.36,232.26,1
332.90,231.84,1
383.67,232.03,1
363.66,227.73,1
357.84,230.81,1
359.21,233.71,1
335.92,232.50,1
371.10,229.81,1
340.93,226.33,1
349.76,229.94,1
338.22,225.87,1
359.27,233.69,1
346.68,228.88,1
341.41,229.78,1
343.03,227.65,1
328.97,229.90,1
331.15,226.77,1
324.90,226.34,1
377.49,225.32,1
361.82,228.98,1
362.13,231.85,1
368.54,232.97,1
343.69,230.16,1
350.50,229.53,1
337.51,231.90,1
341.52,227.34,1
297.44,221.23,1
347.89,232.17,1
312.87,224.60,1
380.65,233.96,1
354.45,231.69,1
363.17,230.82,1
345.43,231.99,1
362.22,226.16,1
332.79,230.90,1
368.66,231.02,1
349.92,229.45,1
359.90,230.81,1
333.33,231.72,1
357.97,235.37,1
367.64,230.95,1
331.96,227.40,1
344.35,227.73,1
338.19,229.65,1
360.24,234.74,1
357.67,229.71,1
360.20,232.75,1
327.74,227.54,1
380.22,231.68,1
324.46,229.04,1
355.27,229.01,1
385.72,229.65,1
348.41,233.48,1
379.32,228.41,1
367.13,236.18,1
385.78,232.36,1
352.73,233.19,1
352.28,231.67,1
338.26,229.20,1
318.41,224.77,1
322.43,222.85,1
333.69,228.33,1
351.32,231.15,1
296.85,224.67,1
368.66,232.17,1
333.58,225.70,1
352.68,231.75,1
329.38,231.19,1
323.04,229.12,1
367.52,231.08,1
371.88,231.35,1
329.54,228.11,1
367.08,231.21,1
357.76,233.74,1
347.70,228.98,1
313.09,224.69,1
362.71,231.99,1
356.32,232.53,1
363.86,231.49,1
341.42,226.05,1
365.72,229.29,1
389.01,234.58,1
333.34,229.41,1
324.61,225.88,1
374.99,227.01,1
339.68,229.12,1
368.64,234.58,1
318.19,226.10,1
335.09,228.51,1
343.63,226.52,1
339.28,228.24,1
365.68,225.59,1
343.82,230.63,1
354.60,228.90,1
372.18,229.03,1
348.35,226.88,1
366.65,231.04,1
326.62,230.01,1
351.17,228.75,1
372.29,234.92,1
423.11,230.77,1
339.65,227.95,1
379.60,231.18,1
359.61,229.88,1
315.16,227.96,1
358.74,232.49,1
328.64,227.90,1
329.85,230.28,1
345.92,232.19,1
344.32,228.73,1
345.96,225.30,1
337.41,227.10,1
360.22,229.37,1
355.83,232.63,1
364.52,228.54,1
397.05,233.27,1
331.47,230.93,1
359.25,228.56,1
412.51,236.23,1
365.88,234.37,1
351.51,230.29,1
320.13,224.78,1
375.50,232.03,1
364.48,232.16,1
353.58,232.79,1
346.96,226.91,1
330.42,224.03,1
365.29,231.24,1
341.91,223.75,1
364.57,232.49,1
380.44,229.76,1
317.48,225.40,1
377.98,233.62,1
358.30,230.42,1
358.53,227.02,1
361.39,231.65,1
375.53,228.83,1
352.40,229.79,1
360.93,231.14,1
362.54,230.23,1
317.08,225.95,1
394.83,233.58,1
348.06,227.42,1
375.77,231.61,1
343.77,230.20,1
289.57,225.14,1
350.45,231.78,1
344.99,228.82,1
347.55,229.01,1
332.33,228.57,1
362.79,231.25,1
309.70,225.71,1
309.46,220.11,1
378.03,235.41,1
314.68,223.90,1
355.01,232.28,1
351.27,238.48,1
353.34,230.80,1
363.50,231.82,1
372.34,229.82,1
372.51,234.47,1
367.91,235.24,1
333.27,229.99,1
361.99,228.44,1
346.48,229.12,1
372.09,235.58,1
348.73,231.50,1
339.30,226.79,1
343.10,232.87,1
352.40,229.25,1
345.35,233.55,1
315.41,227.64,1
357.11,226.39,1
335.26,232.60,1
353.49,231.78,1
356.18,231.90,1
360.65,230.66,1
319.42,226.87,1
373.53,233.82,1
337.37,228.49,1
339.75,235.42,1
349.02,229.96,1
399.44,232.68,1
356.16,233.14,1
342.17,232.23,1
359.37,227.18,1
334.75,232.16,1
361.07,231.52,1
334.27,224.69,1
337.73,230.85,1
360.59,233.55,1
379.24,233.91,1
395.04,234.67,1
317.72,230.44,1
370.18,231.34,1
344.80,228.53,1
355.53,232.98,1
343.46,224.90,1
351.23,230.78,1
352.78,231.44,1
364.67,228.61,1
366.24,232.40,1
323.39,225.12,1
333.23,220.33,1
310.04,225.21,1
370.27,235.04,1
375.89,234.82,1
348.11,230.33,1
329.84,226.71,1
333.60,228.80,1
328.54,227.21,1
347.51,234.82,1
375.50,236.82,1
382.31,232.21,1
341.66,228.14,1
326.40,224.51,1
350.72,231.24,1
353.84,231.90,1
316.62,227.96,1
353.50,230.78,1
303.33,224.34,1
374.50,228.06,1
355.01,230.63,1
358.91,231.41,1
340.56,229.37,1
375.94,232.43,1
366.01,226.86,1
323.55,226.62,1
401.64,234.18,1
349.49,228.82,1
353.33,231.50,1
386.26,232.79,1
329.89,230.34,1
336.28,226.25,1
360.22,234.73,1
369.13,228.86,1
384.21,233.13,1
345.83,230.05,1
359.55,229.26,1
371.56,231.90,1
379.60,234.68,1
334.92,230.01,1
360.94,231.85,1
358.00,233.13,1
347.55,233.31,1
366.12,230.20,1
331.93,228.16,1
355.21,231.14,1
349.77,226.17,1
374.80,232.92,1
389.47,233.75,1
355.95,227.55,1
333.25,228.03,1
366.31,229.87,1
345.54,228.54,1
372.26,231.00,1
336.57,224.98,1
361.17,229.30,1
374.64,229.73,1
339.85,232.16,1
323.32,228.90,1
333.48,227.61,1
395.35,234.25,1
352.31,227.90,1
353.28,231.24,1
381.70,234.65,1
326.89,229.76,1
342.35,231.29,1
345.87,227.68,1
359.45,231.98,1
343.56,229.33,1
357.48,230.33,1
335.48,228.83,1
350.43,229.54,1
345.23,223.84,1
366.46,232.69,1
331.54,229.20,1
363.25,236.84,1
361.89,232.56,1
343.28,231.66,1
357.59,229.46,1
376.82,232.78,1
359.84,232.04,1
345.85,227.14,1
372.18,229.86,1
380.97,231.36,1
375.31,231.64,1
390.18,232.81,1
321.81,228.65,1
357.81,232.42,1
327.68,230.74,1
368.58,228.08,1
333.20,228.69,1
323.88,224.89,1
378.28,236.09,1
353.34,231.10,1
363.97,228.68,1
366.35,229.47,1
332.95,231.48,1
349.80,231.20,1
355.43,235.20,1
356.07,232.76,1
356.42,230.29,1
338.11,225.36,1
342.34,225.83,1
338.37,228.98,1
377.10,229.01,1
334.68,230.35,1
349.35,231.19,1
358.19,229.30,1
379.54,233.56,1
344.67,230.50,1
331.00,225.02,1
339.16,228.36,1
356.49,231.07,1
326.39,226.15,1
306.79,227.69,1
363.05,230.92,1
327.63,231.00,1
342.44,227.88,1
359.12,228.70,1
351.16,234.24,1
348.68,224.99,1
371.99,234.56,1
351.36,230.25,1
390.42,235.83,1
296.01,220.84,1
357.96,229.42,1
360.94,234.01,1
355.49,233.74,1
329.60,229.77,1
343.95,227.10,1
339.85,226.11,1
331.61,231.48,1
375.94,232.68,1
360.93,229.66,1
362.04,232.16,1
358.94,229.88,1
366.09,234.74,1
349.98,231.44,1
367.64,231.68,1
354.93,228.80,1
350.56,230.38,1
338.42,230.93,1
356.39,229.79,1
368.55,233.02,1
366.60,230.36,1
366.21,230.10,1
364.64,229.80,1
372.38,231.44,1
313.37,226.30,1
344.46,226.94,1
308.07,225.00,1
337.33,226.75,1
358.32,227.98,1
353.36,225.54,1
361.55,236.45,1
351.67,228.92,1
353.55,226.33,1
327.30,228.25,1
367.68,237.26,1
321.81,225.78,1
350.32,228.91,1
343.10,224.34,1
352.43,227.63,1
370.10,230.88,1
357.50,231.01,1
345.33,225.54,1
363.87,230.41,1
330.56,230.58,1
354.88,232.13,1
338.12,231.32,1
373.59,231.15,1
340.10,232.59,1
341.59,230.36,1
363.87,229.43,1
342.37,230.57,1
351.86,230.81,1
349.89,229.03,1
379.64,229.44,1
344.60,231.35,1
329.04,228.13,1
346.48,227.23,1
354.41,231.93,1
318.99,228.48,1
362.47,230.15,1
328.87,232.65,1
340.99,232.25,1
384.73,233.23,1
379.35,231.09,1
363.32,232.12,1
343.79,231.82,1
372.72,229.86,1
324.97,225.42,1
343.76,229.03,1
342.41,225.67,1
338.97,227.61,1
311.56,227.43,1
361.55,231.15,1
336.82,228.68,1
366.97,229.41,1
331.63,228.97,1
356.04,232.07,1
327.75,230.34,1
364.04,231.04,1
368.63,231.14,1
322.17,227.11,1
355.25,233.49,1
330.66,230.03,1
381.59,231.74,1
331.23,228.23,1
359.13,232.56,1
359.34,231.71,1
367.06,231.01,1
313.27,223.84,1
330.17,227.22,1
328.58,232.05,1
375.23,231.54,1
346.80,231.93,1
337.00,234.18,1
334.22,222.95,1
378.49,233.60,1
359.15,233.55,1
365.45,231.78,1
353.66,227.85,1
330.17,225.89,1
344.44,228.65,1
366.09,231.54,1
354.98,233.27,1
350.05,231.91,1
358.00,232.11,1
347.48,226.88,1
355.15,229.22,1
337.81,231.49,1
352.46,230.81,1
361.87,230.35,1
341.87,229.90,1
367.34,233.96,1
362.05,229.75,1
332.67,230.28,1
353.54,227.73,1
345.62,222.72,1
370.19,236.43,1
374.79,232.58,1
340.79,230.58,1
354.02,224.69,1
375.15,233.08,1
333.33,227.57,1
295.20,222.34,1
357.92,229.69,1
329.19,228.81,1
369.03,230.97,1
328.28,228.83,1
405.96,234.88,1
333.13,226.03,1
339.59,231.16,1
317.56,231.02,1
324.27,232.93,1
339.20,228.86,1
366.59,231.59,1
378.30,231.77,1
341.80,227.25,1
339.00,229.69,1
330.13,228.45,1
339.74,230.07,1
329.00,231.24,1
342.33,229.32,1
313.78,227.78,1
384.46,232.72,1
324.95,226.05,1
329.28,228.62,1
342.06,228.96,1
365.92,234.08,1
330.94,231.82,1
335.40,227.66,1
353.39,229.41,1
355.50,228.68,1
379.60,233.54,1
333.19,227.34,1
376.82,228.28,1
337.00,226.11,1
331.57,226.62,1
349.94,227.07,1
348.89,234.79,1
371.37,231.00,1
359.51,231.06,1
341.36,228.70,1
382.18,231.95,1
360.99,229.71,1
373.62,233.27,1
382.57,232.31,1
342.81,232.37,1
338.83,228.63,1
340.43,230.66,1
326.52,230.23,1
330.92,225.80,1
355.66,227.36,1
371.73,231.76,1
349.54,230.86,1
324.81,227.49,1
335.15,227.72,1
386.40,232.83,1
353.38,232.74,1
375.34,234.14,1
368.28,230.86,1
364.41,227.31,1
370.56,231.46,1
344.17,230.81,1
380.16,230.79,1
347.31,228.96,1
317.87,227.71,1
358.56,234.04,1
339.35,230.01,1
342.40,231.57,1
343.30,232.24,1
339.18,229.77,1
346.40,228.33,1
377.99,231.41,1
332.57,228.25,1
356.74,231.08,1
371.47,231.17,1
307.31,227.80,1
348.76,233.12,1
337.79,228.62,1
319.30,229.89,1
377.60,227.24,1
400.52,233.26,1
354.77,229.39,1
346.35,228.27,1
362.98,229.44,1
352.34,232.94,1
358.24,229.36,1
383.10,232.95,1
355.56,230.44,1
394.77,235.64,1
347.32,230.03,1
355.53,234.01,1
343.78,228.98,1
354.08,229.05,1
362.46,228.34,1
348.07,231.23,1
342.73,231.14,1
291.57,224.12,1
326.24,225.70,1
359.10,233.02,1
374.98,233.79,1
350.22,233.32,1
309.41,222.75,1
363.19,230.35,1
353.51,231.17,1
333.93,230.24,1
305.59,227.86,1
331.24,229.61,1
337.26,228.14,1
361.85,231.55,1
314.10,225.46,1
319.69,228.67,1
311.21,222.54,1
342.03,227.75,1
311.73,229.87,1
343.30,225.62,1
337.65,227.77,1
323.54,225.73,1
355.66,229.35,1
379.65,235.84,1
333.85,232.03,1
337.91,226.56,1
380.33,233.18,1
317.14,228.20,1
305.45,222.53,1
391.06,231.50,1
323.12,226.04,1
345.84,229.20,1
335.62,229.98,1
388.79,232.33,1
349.17,228.42,1
384.88,231.60,1
379.20,234.68,1
308.42,223.30,1
344.18,228.36,1
327.65,228.74,1
338.99,228.27,1
350.45,230.40,1
353.16,230.63,1
331.83,228.31,1
378.72,231.21,1
324.53,228.96,1
346.91,225.68,1
325.37,225.80,1
367.40,231.20,1
334.72,230.95,1
351.51,224.31,1
376.95,231.00,1
354.50,230.78,1
374.13,232.69,1
325.84,226.69,1
331.34,230.32,1
355.91,232.29,1
316.90,226.53,1
370.76,230.67,1
303.65,225.11,1
353.23,233.67,1
323.86,228.45,1
349.58,232.08,1
347.08,233.61,1
358.23,233.87,1
339.73,224.40,1
338.48,226.78,1
345.54,230.76,1
325.21,228.70,1
391.39,234.95,1
309.32,225.06,1
353.09,228.71,1
359.28,228.28,1
371.79,233.01,1
364.87,225.93,1
335.47,228.19,1
348.36,231.23,1
343.88,230.96,1
328.70,227.45,1
346.06,235.94,1
350.30,231.37,1
320.69,227.08,1
359.45,231.82,1
341.35,231.76,1
320.20,227.38,1
375.05,234.94,1
361.99,232.79,1
345.03,230.08,1
361.39,232.30,1
327.42,230.67,1
368.96,227.42,1
369.95,228.84,1
385.56,236.50,1
363.41,229.88,1
354.99,234.72,1
397.94,233.23,1
358.37,234.09,1
368.98,232.86,1
357.85,231.54,1
335.50,229.73,1
314.62,229.25,1
330.01,227.99,1
332.79,228.17,1
378.58,233.44,1
382.41,234.59,1
348.45,232.68,1
324.88,227.32,1
343.99,228.90,1
342.18,230.07,1
352.97,226.83,1
339.57,228.17,1
385.99,234.48,1
345.26,231.05,1
316.36,223.64,1
327.76,232.55,1
329.33,228.93,1
357.75,232.50,1
326.12,225.23,1
320.70,224.39,1
329.24,229.01,1
336.86,229.46,1
363.06,230.08,1
317.89,230.13,1
348.08,227.67,1
337.86,229.89,1
395.08,231.08,1
365.31,227.80,1
363.97,230.74,1
316.67,229.49,1
367.63,231.00,1
397.91,234.99,1
393.73,232.70,1
352.90,228.28,1
335.19,232.90,1
368.51,231.39,1
332.73,226.47,1
330.91,227.62,1
321.63,225.84,1
357.37,230.31,1
341.88,232.11,1
353.79,230.52,1
327.93,226.65,1
369.86,229.32,1
335.31,228.33,1
345.28,226.17,1
313.76,226.59,1
361.78,231.69,1
363.52,227.52,1
354.02,225.28,1
372.96,228.93,1
322.98,227.77,1
350.22,231.13,1
341.60,228.12,1
351.42,231.38,1
378.89,233.87,1
314.74,222.40,1
363.98,233.08,1
352.84,229.68,1
375.45,234.84,1
346.45,231.95,1
381.08,235.54,1
336.96,229.48,1
359.33,224.76,1
370.20,227.19,1
352.65,229.41,1
347.03,235.73,1
335.33,229.35,1
364.07,234.35,1
331.72,231.81,1
356.90,229.54,1
380.51,234.59,1
366.91,229.76,1
352.48,231.19,1
372.28,231.47,1
367.82,235.04,1
347.65,228.88,1
366.81,231.72,1
326.71,228.37,1
373.20,231.91,1
367.35,229.62,1
316.13,227.34,1
341.18,231.69,1
325.41,227.79,1
313.60,225.10,1
317.29,226.94,1
337.61,229.20,1
332.69,231.19,1
331.44,223.84,1
384.50,234.14,1
347.93,228.65,1
363.44,231.25,1
348.93,230.62,1
350.29,229.42,1
334.99,231.42,1
351.27,224.01,1
367.92,234.90,1
342.90,227.54,1
338.26,229.19,1
327.57,225.89,1
346.90,228.69,1
317.44,227.52,1
359.84,234.74,1
373.81,231.01,1
323.68,225.98,1
365.73,228.04,1
365.13,234.73,1
351.21,226.98,1
371.78,228.85,1
358.48,229.51,1
314.70,227.31,1
328.50,225.95,1
326.02,229.95,1
375.43,236.98,1
362.59,230.48,1
335.53,229.41,1
362.16,230.95,1
355.55,229.31,1
315.61,227.09,1
367.47,231.28,1
316.20,222.57,1
347.10,226.75,1
367.53,230.57,1
303.22,227.07,1
359.14,232.03,1
357.96,231.44,1
316.09,227.87,1
384.92,228.97,1
318.33,228.09,1
356.82,230.15,1
354.11,230.94,1
363.94,231.29,1
328.21,225.54,1
362.93,234.47,1
372.72,228.07,1
346.06,226.66,1
330.81,228.06,1
347.50,231.29,1
372.42,235.07,1
355.34,229.28,1
324.85,226.04,1
355.41,231.30,1
350.33,227.05,1
363.87,228.48,1
313.21,224.26,1
378.75,234.55,1
388.20,234.28,1
372.35,231.32,1
335.29,228.57,1
372.02,230.77,1
350.27,231.86,1
354.50,232.62,1
352.87,230.99,1
317.46,232.67,1
365.22,232.66,1
343.74,231.04,1
365.53,228.37,1
343.30,230.74,1
339.09,228.02,1
352.25,230.13,1
352.15,229.80,1
344.23,226.42,1
356.87,231.38,1
347.50,230.51,1
381.52,235.42,1
360.52,232.29,1
365.30,229.90,1
364.40,231.21,1
348.73,229.59,1
341.20,231.68,1
374.17,231.08,1
336.38,231.68,1
321.25,226.34,1
368.31,235.28,1
327.88,231.23,1
371.47,231.70,1
304.49,226.94,1
377.29,232.98,1
345.50,228.34,1
332.67,234.06,1
342.64,226.31,1
356.32,230.75,1
343.79,226.43,1
355.10,230.73,1
344.34,228.53,1
363.07,228.67,1
364.44,230.07,1
355.51,229.65,1
361.61,235.76,1
348.05,230.27,1
367.12,230.09,1
338.52,226.78,1
360.65,233.64,1
345.89,229.63,1
347.62,233.80,1
342.88,229.82,1
343.75,227.69,1
299.33,226.66,1
303.57,227.78,1
340.98,229.19,1
335.76,230.00,1
347.18,227.43,1
326.23,226.46,1
356.97,231.90,1
347.13,230.74,1
350.99,229.45,1
381.27,235.70,1
378.94,229.67,1
383.59,234.15,1
358.75,233.12,1
344.52,230.01,1
377.11,233.31,1
338.37,227.14,1
379.07,234.28,1
352.46,232.39,1
352.84,233.84,1
351.98,230.77,1
361.67,231.09,1
333.15,226.18,1
356.29,235.28,1
318.46,224.57,1
356.84,229.52,1
359.52,231.77,1
361.89,229.56,1
370.47,231.82,1
329.34,225.88,1
308.57,230.52,1
361.99,230.75,1
362.09,233.11,1
372.75,231.63,1
349.54,231.82,1
371.20,230.61,1
319.23,226.17,1
386.45,235.74,1
325.35,227.17,1
334.13,228.38,1
367.99,229.86,1
369.52,237.69,1
313.53,224.80,1
346.91,229.45,1
343.67,227.71,1
366.58,231.63,1
329.62,226.75,1
313.27,226.48,1
354.37,229.77,1
337.02,226.93,1
336.47,232.31,1
340.35,229.59,1
331.64,229.04,1
379.72,234.82,1
326.27,228.66,1
371.08,230.24,1
335.46,224.98,1
339.36,226.49,1
328.00,230.71,1
347.07,230.79,1
372.38,233.37,1
334.50,226.21,1
332.24,230.29,1
349.54,229.67,1
352.12,226.40,1
374.56,231.61,1
371.15,235.00,1
349.46,225.18,1
315.37,226.82,1
344.98,228.35,1
329.04,226.08,1
394.58,230.70,1
326.49,227.20,1
375.85,236.32,1
351.83,233.62,1
348.49,227.51,1
349.82,228.30,1
319.78,230.13,1
347.14,228.39,1
349.66,229.13,1
344.98,223.86,1
355.84,229.51,1
369.59,232.74,1
363.77,232.16,1
342.37,229.88,1
340.36,227.55,1
348.57,228.28,1
335.75,232.71,1
365.09,231.73,1
322.19,229.85,1
363.50,234.53,1
355.88,231.44,1
327.79,224.65,1
357.19,228.89,1
352.96,231.10,1
324.56,227.65,1
348.80,223.68,1
353.77,227.78,1
362.87,229.48,1
323.81,227.88,1
321.66,229.87,1
378.39,235.32,1
362.43,229.80,1
347.15,232.03,1
321.96,225.77,1
349.92,229.27,1
354.10,232.68,1
350.82,233.74,1
377.58,233.99,1
356.24,230.71,1
341.25,230.12,1
365.05,234.64,1
357.42,227.36,1
343.64,229.01,1
356.77,234.01,1
369.59,228.55,1
346.54,227.38,1
379.85,236.70,1
366.11,232.53,1
326.41,227.95,1
372.21,230.77,1
378.11,232.88,1
318.02,225.04,1
372.30,235.07,1
349.37,233.27,1
332.06,228.18,1
353.36,232.42,1
346.64,228.85,1
352.26,238.66,1
301.62,227.09,1
335.13,229.76,1
351.39,231.89,1
352.93,232.87,1
330.20,229.91,1
355.63,229.56,1
365.71,233.92,1
354.10,228.40,1
346.24,225.31,1
325.31,228.46,1
350.90,230.80,1
360.11,229.54,1
351.91,227.58,1
346.52,232.09,1
349.69,229.40,1
312.77,224.45,1
347.58,232.30,1
345.54,224.94,1
376.47,227.19,1
362.29,229.89,1
347.74,230.51,1
334.47,231.54,1
392.85,234.63,1
374.87,236.16,1
362.39,231.27,1
365.36,232.94,1
355.33,233.07,1
335.61,227.30,1
348.91,230.12,1
366.65,232.87,1
349.84,229.47,1
361.50,229.54,1
332.42,229.03,1
373.19,236.08,1
367.78,233.27,1
359.07,230.84,1
370.06,230.82,1
310.36,223.04,1
345.14,231.19,1
316.40,226.44,1
337.96,226.49,1
354.89,229.67,1
348.74,228.04,1
369.31,232.97,1
375.88,233.76,1
344.67,232.86,1
340.90,232.32,1
341.58,230.12,1
373.21,232.03,1
377.19,234.88,1
349.74,227.88,1
378.18,233.27,1
303.49,223.80,1
341.66,229.33,1
360.15,233.60,1
347.98,227.55,1
351.60,233.28,1
330.67,225.97,1
350.68,228.04,1
327.84,227.32,1
334.52,233.20,1
359.07,228.56,1
342.82,233.15,1
332.25,226.56,1
391.67,230.65,1
367.27,232.37,1
384.63,235.99,1
371.70,230.79,1
353.84,229.62,1
340.19,223.58,1
371.80,236.83,1
342.53,231.16,1
380.53,232.60,1
395.58,235.31,1
340.92,231.47,1
368.05,234.32,1
309.75,227.22,1
356.64,228.81,1
327.33,228.50,1
385.98,235.84,1
354.77,232.96,1
356.19,230.89,1
333.15,225.56,1
355.06,234.72,1
310.30,227.97,1
371.76,230.21,1
352.75,232.20,1
351.36,229.41,1
336.33,226.40,1
350.72,228.42,1
322.51,226.26,1
350.49,228.98,1
361.45,227.35,1
338.66,232.85,1
363.89,229.68,1
321.28,227.73,1
355.36,228.41,1
379.39,237.14,1
345.75,229.01,1
372.41,232.40,1
384.29,231.33,1
358.18,228.39,1
335.12,228.69,1
334.04,224.39,1
324.70,230.20,1
334.89,226.41,1
323.54,224.70,1
334.56,228.38,1
360.65,228.78,1
344.29,232.35,1
364.63,231.58,1
369.38,230.11,1
361.96,226.69,1
358.50,230.11,1
349.02,229.12,1
331.87,227.31,1
336.48,224.92,1
381.20,231.66,1
333.66,231.11,1
334.09,223.24,1
330.69,225.99,1
371.94,230.60,1
388.21,234.90,1
357.33,233.27,1
371.87,233.16,1
372.94,233.70,1
407.18,238.30,1
365.31,233.22,1
384.59,235.09,1
334.93,227.89,1
362.28,232.75,1
365.08,231.79,1
364.76,229.62,1
326.34,223.98,1
348.31,229.60,1
371.81,234.51,1
311.91,225.83,1
307.88,227.76,1
341.20,227.54,1
328.17,227.65,1
323.53,229.01,1
301.73,225.32,1
359.07,232.19,1
349.25,226.81,1
358.83,230.98,1
365.24,230.85,1
333.49,224.54,1
356.04,232.07,1
353.54,229.83,1
391.52,234.74,1
338.78,230.99,1
322.61,229.04,1
350.40,226.59,1
333.72,226.11,1
351.38,232.89,1
335.44,229.34,1
362.95,235.09,1
341.48,227.37,1
377.69,235.52,1
322.91,228.83,1
381.16,235.64,1
315.62,227.48,1
313.76,224.74,1
352.84,229.78,1
320.19,227.72,1
360.38,230.41,1
351.83,231.00,1
355.81,230.71,1
316.40,223.20,1
319.52,229.65,1
351.38,228.54,1
333.77,227.67,1
312.80,226.48,1
336.59,228.67,1
359.09,233.09,1
373.38,234.98,1
331.74,227.77,1
329.30,225.89,1
356.14,225.03,1
363.17,232.20,1
355.78,228.93,1
371.30,228.80,1
323.86,227.13,1
390.77,234.76,1
336.87,224.22,1
380.49,231.98,1
348.98,228.42,1
360.62,230.11,1
335.89,229.44,1
367.23,229.53,1
369.07,232.83,1
340.36,228.39,1
336.25,228.93,1
350.80,226.67,1
368.52,230.94,1
335.88,228.13,1
393.43,231.10,1
326.03,227.17,1
363.18,231.23,1
356.41,229.13,1
331.10,228.49,1
388.60,230.05,1
333.20,225.21,1
333.47,229.69,1
334.73,226.08,1
297.52,221.97,1
348.06,226.30,1
324.25,220.92,1
403.54,231.20,1
362.32,226.81,1
319.83,223.59,1
358.05,228.23,1
337.66,227.19,1
319.51,232.19,1
385.30,230.57,1
349.52,228.88,1
357.14,232.28,1
371.19,236.71,1
320.99,227.48,1
349.98,228.18,1
366.45,232.71,1
367.68,230.93,1
329.67,232.12,1
357.03,230.75,1
372.40,234.87,1
351.55,231.31,1
319.07,225.35,1
371.10,234.73,1
333.85,228.41,1
343.23,229.49,1
381.27,233.71,1
366.83,227.31,1
350.55,227.68,1
355.09,229.18,1
364.91,227.97,1
315.07,225.26,1
365.59,236.01,1
358.56,231.94,1
375.60,236.51,1
364.69,233.65,1
353.72,230.32,1
373.08,233.97,1
348.08,231.69,1
303.29,224.74,1
331.94,232.95,1
366.41,228.86,1
387.15,233.88,1
352.62,232.89,1
359.25,234.52,1
354.70,229.49,1
313.32,222.50,1
373.88,231.11,1
349.29,229.61,1
335.89,226.95,1
361.54,233.21,1
377.52,233.55,1
390.09,231.07,1
332.82,225.82,1
345.93,230.19,1
343.41,225.73,1
370.50,233.56,1
366.60,233.18,1
355.29,229.60,1
338.22,231.82,1
331.57,226.62,1
342.39,226.86,1
343.39,233.21,1
332.36,227.15,1
345.58,230.22,1
360.50,236.70,1
318.08,222.23,1
364.40,226.61,1
377.66,233.19,1
375.82,230.38,1
350.77,230.65,1
341.26,231.16,1
328.39,230.80,1
319.99,228.35,1
363.64,231.31,1
305.28,225.29,1
397.87,234.06,1
359.69,228.30,1
387.79,236.21,1
320.03,225.19,1
365.02,234.61,1
377.97,231.46,1
340.09,229.00,1
375.78,228.78,1
410.93,239.27,1
334.95,227.89,1
329.54,225.13,1
324.67,224.05,1
311.37,222.20,1
371.33,228.33,1
336.01,230.14,1
340.48,227.60,1
338.24,222.23,1
341.81,233.12,1
339.28,228.34,1
355.79,230.04,1
348.67,227.04,1
347.35,230.13,1
305.99,223.83,1
362.25,229.85,1
347.03,232.62,1
359.62,236.09,1
375.87,232.89,1
358.96,231.23,1
343.71,229.02,1
387.76,227.49,1
333.49,227.57,1
333.17,229.68,1
362.32,232.41,1
340.02,228.80,1
347.09,228.45,1
345.98,230.86,1
354.85,234.43,1
374.22,233.36,1
348.18,227.93,1
363.25,228.59,1
348.50,233.06,1
339.16,226.41,1
377.52,231.51,1
316.48,227.98,1
334.14,225.02,1
368.74,231.83,1
370.67,233.67,1
371.75,235.49,1
387.39,229.63,1
375.24,234.62,1
356.03,227.50,1
335.44,224.62,1
300.33,229.29,1
322.19,229.48,1
357.27,228.71,1
343.23,233.78,1
343.17,228.50,1
343.67,232.07,1
326.97,230.31,1
335.07,227.67,1
382.79,231.30,1
363.45,234.33,1
354.63,229.49,1
317.90,228.23,1
385.46,234.76,1
360.60,233.46,1
345.92,229.06,1
318.25,224.69,1
401.74,233.99,1
322.04,225.82,1
338.04,228.91,1
324.61,227.08,1
321.66,220.30,1
319.14,230.06,1
352.30,234.05,1
331.47,227.22,1
346.03,230.92,1
353.34,232.80,1
395.80,233.55,1
340.13,228.62,1
349.28,229.98,1
351.42,234.62,1
329.96,233.37,1
344.42,229.27,1
339.10,226.68,1
330.94,226.49,1
339.25,229.45,1
386.15,236.15,1
355.27,232.49,1
352.37,232.50,1
381.36,233.55,1
347.03,234.29,1
363.52,229.19,1
373.24,232.45,1
341.51,232.44,1
363.25,233.26,1
361.64,228.01,1
322.23,226.24,1
367.19,233.70,1
332.24,222.86,1
343.70,228.57,1
318.59,228.08,1
324.13,225.82,1
355.49,232.66,1
360.71,228.68,1
409.12,235.01,1
337.72,229.97,1
365.51,233.70,1
357.83,229.84,1
347.99,228.59,1
322.46,228.26,1
324.99,225.32,1
348.66,231.87,1
348.99,226.00,1
364.43,229.12,1
376.77,230.43,1
377.53,233.93,1
329.23,226.80,1
334.26,223.87,1
334.90,229.44,1
347.03,230.42,1
350.54,230.19,1
324.55,228.81,1
364.10,234.15,1
351.08,229.86,1
352.63,226.95,1
341.65,229.84,1
359.30,229.03,1
347.17,229.04,1
351.97,227.01,1
362.28,238.71,1
367.98,231.64,1
317.29,226.43,1
355.43,229.30,1
329.72,230.18,1
366.50,227.61,1
338.23,234.58,1
332.44,226.44,1
386.14,229.45,1
333.84,227.53,1
356.39,228.48,1
382.02,231.34,1
370.03,232.50,1
356.42,230.57,1
305.79,221.17,1
351.16,227.11,1
376.65,235.04,1
332.10,225.71,1
354.83,232.45,1
334.17,226.82,1
368.60,233.63,1
300.24,225.46,1
352.54,229.73,1
329.21,228.39,1
389.85,230.73,1
353.17,226.58,1
363.34,232.99,1
342.34,226.31,1
363.24,233.45,1
349.70,229.31,1
406.36,235.79,1
317.72,229.32,1
360.83,230.64,1
345.24,228.54,1
357.59,235.75,1
367.44,231.61,1
328.07,227.03,1
366.35,229.62,1
372.44,234.46,1
323.04,226.24,1
351.70,229.60,1
341.16,226.52,1
345.14,230.86,1
337.18,229.35,1
371.26,234.95,1
331.30,226.45,1
365.20,225.52,1
337.88,232.90,1
363.07,230.51,1
368.26,234.37,1
300.03,222.30,1
352.35,230.56,1
353.93,234.36,1
350.35,231.58,1
339.05,231.16,1
344.72,233.01,1
369.87,231.09,1
349.66,228.96,1
327.09,230.07,1
353.80,229.06,1
326.06,225.74,1
336.48,232.57,1
303.13,227.59,1
341.39,228.93,1
356.68,228.93,1
325.85,221.64,1
323.49,226.67,1
399.28,234.90,1
336.82,233.33,1
346.97,231.12,1
360.45,228.28,1
358.68,232.32,1
342.92,224.66,1
354.59,229.74,1
336.45,224.53,1
315.86,227.20,1
348.01,228.38,1
357.04,230.75,1
358.48,235.48,1
348.84,226.39,1
314.62,228.57,1
348.23,227.88,1
362.67,232.68,1
356.73,233.32,1
324.62,233.35,1
362.64,229.98,1
356.86,230.84,1
375.62,229.78,1
304.01,224.15,1
350.04,234.00,1
326.05,226.86,1
326.00,226.23,1
354.74,228.47,1
356.77,232.93,1
350.01,227.05,1
378.87,227.87,1
292.84,220.37,1
348.00,227.58,1
343.41,232.12,1
372.22,230.42,1
348.88,231.28,1
347.37,233.99,1
377.22,228.88,1
334.55,227.45,1
331.90,231.11,1
363.91,232.02,1
332.57,228.73,1
391.02,236.28,1
317.54,226.09,1
355.56,227.80,1
360.13,230.95,1
354.23,234.53,1
346.89,226.55,1
339.23,225.35,1
358.16,231.64,1
376.38,230.43,1
362.03,235.46,1
329.13,225.92,1
363.99,228.39,1
364.94,231.80,1
364.67,227.60,1
335.02,229.15,1
368.35,231.10,1
356.35,230.27,1
345.40,229.05,1
376.23,230.34,1
356.41,230.22,1
367.93,228.95,1
361.15,229.74,1
322.25,229.69,1
355.47,233.84,1
344.09,227.67,1
371.06,228.81,1
362.54,231.52,1
342.83,228.84,1
375.36,234.94,1
354.74,228.36,1
361.11,233.72,1
363.16,227.12,1
349.79,229.73,1
343.08,227.77,1
361.69,231.39,1
342.70,230.41,1
362.52,229.86,1
327.89,229.00,1
362.84,229.73,1
351.29,229.98,1
362.71,234.58,1
328.61,227.40,1
339.71,225.95,1
340.62,229.11,1
339.92,227.75,1
318.12,229.39,1
350.52,228.40,1
356.62,229.23,1
405.59,236.71,1
361.76,230.12,1
348.91,229.78,1
322.78,230.98,1
363.15,234.11,1
355.61,228.18,1
354.79,227.56,1
364.52,228.48,1
398.86,239.89,1
342.46,226.95,1
353.48,230.93,1
361.19,226.98,1
315.08,225.68,1
361.16,228.92,1
344.39,229.44,1
349.47,224.95,1
349.54,231.70,1
324.15,227.11,1
341.05,229.09,1
355.19,228.94,1
353.46,232.03,1
341.44,229.37,1
313.46,228.97,1
350.02,230.07,1
349.85,231.59,1
340.59,225.67,1
343.86,224.98,1
400.53,234.77,1
373.91,232.50,1
343.26,226.20,1
359.10,230.38,1
378.22,230.73,1
352.49,234.53,1
348.96,228.55,1
368.85,234.08,1
352.56,226.14,1
331.56,226.41,1
377.33,229.04,1
337.96,231.41,1
326.17,228.12,1
343.90,228.93,1
338.62,229.93,1
331.62,229.18,1
360.64,229.73,1
343.44,229.74,1
338.62,230.09,1
357.95,231.99,1
369.03,232.69,1
379.04,235.15,1
344.32,228.46,1
359.06,227.12,1
313.46,226.70,1
353.27,235.43,1
302.12,220.74,1
356.31,233.73,1
385.81,235.05,1
325.23,226.72,1
361.61,232.09,1
392.34,231.30,1
339.73,228.41,1
405.83,233.22,1
324.35,222.69,1
350.42,227.07,1
351.66,232.68,1
346.27,231.31,1
364.31,231.24,1
375.12,232.36,1
319.90,227.32,1
329.71,227.70,1
387.31,231.79,1
356.32,230.27,1
373.86,235.94,1
358.19,229.76,1
371.52,232.32,1
340.49,230.52,1
358.57,230.29,1
355.62,229.80,1
385.90,233.84,1
313.72,225.50,1
314.04,225.98,1
334.36,226.49,1
351.63,228.68,1
376.85,235.22,1
303.22,222.63,1
326.27,229.67,1
328.58,228.71,1
364.33,234.73,1
351.06,229.56,1
346.38,233.30,1
332.84,225.53,1
375.47,236.29,1
348.43,231.31,1
354.15,227.66,1
355.04,229.41,1
360.81,231.64,1
368.21,234.27,1
341.53,232.98,1
333.22,228.64,1
342.47,228.22,1
344.02,226.59,1
331.09,227.89,1
342.99,227.18,1
294.38,224.05,1
339.38,228.74,1
372.14,237.06,1
337.02,228.47,1
328.32,226.51,1
332.02,229.12,1
313.85,228.10,1
339.27,231.16,1
395.48,238.36,1
310.37,222.46,1
334.23,229.84,1
335.70,225.43,1
344.24,229.09,1
332.37,234.59,1
349.86,228.07,1
347.65,230.06,1
338.14,233.96,1
354.10,231.74,1
359.05,227.53,1
329.12,228.84,1
317.13,225.20,1
365.29,233.97,1
346.59,227.10,1
368.05,228.31,1
310.45,227.74,1
359.92,227.19,1
336.11,228.98,1
347.47,228.45,1
322.34,229.44,1
347.11,227.20,1
371.01,228.22,1
335.47,227.40,1
392.45,231.18,1
338.67,229.14,1
355.85,231.41,1
328.71,223.04,1
386.76,228.67,1
337.85,232.96,1
344.08,231.98,1
345.27,225.77,1
364.73,230.39,1
346.02,231.52,1
339.37,232.59,1
339.68,230.27,1
378.86,231.85,1
372.71,233.09,1
341.01,229.61,1
312.69,224.32,1
375.49,231.54,1
342.16,232.56,1
336.87,233.65,1
333.69,230.15,1
345.65,231.65,1
345.31,226.20,1
369.91,234.92,1
344.17,228.67,1
342.19,226.66,1
360.75,236.10,1
390.81,234.24,1
332.63,229.51,1
350.12,231.56,1
356.96,233.08,1
370.53,230.43,1
338.58,229.10,1
317.19,229.11,1
348.69,236.56,1
326.98,225.28,1
345.11,232.07,1
319.24,228.16,1
342.76,230.90,1
344.81,227.06,1
326.61,228.14,1
366.16,228.95,1
315.28,231.57,1
360.54,229.87,1
370.72,233.64,1
356.23,236.80,1
361.17,230.60,1
304.77,221.42,1
327.03,227.93,1
320.87,231.08,1
367.96,235.23,1
355.99,230.33,1
365.06,232.86,1
382.16,230.97,1
352.66,232.38,1
350.23,229.82,1
356.93,228.78,1
343.39,231.44,1
340.28,227.80,1
339.04,225.72,1
332.24,231.55,1
370.43,233.79,1
350.63,230.82,1
357.72,229.68,1
343.87,237.23,1
343.48,226.51,1
326.32,224.60,1
345.91,229.06,1
341.21,229.75,1
391.32,234.05,1
392.22,232.91,1
366.79,234.08,1
357.32,230.97,1
345.79,236.11,1
343.75,228.32,1
308.00,222.42,1
367.49,230.91,1
344.27,230.83,1
373.10,233.67,1
335.28,226.75,1
329.99,227.65,1
363.10,227.44,1
387.92,235.92,1
314.37,222.14,1
335.75,233.01,1
373.82,230.29,1
368.72,230.44,1
326.83,228.55,1
345.25,227.54,1
351.17,233.01,1
337.24,227.80,1
341.90,227.77,1
319.49,226.95,1
374.28,236.12,1
312.19,228.75,1
346.05,232.96,1
349.67,229.88,1
384.20,225.79,1
335.60,231.42,1
307.51,226.48,1
355.89,231.74,1
361.21,232.23,1
312.62,226.15,1
386.37,235.74,1
366.45,229.46,1
354.06,232.43,1
365.50,237.44,1
360.45,232.87,1
352.75,234.01,1
380.17,230.49,1
344.92,227.51,1
366.12,230.60,1
328.99,223.82,1
358.47,229.30,1
374.56,231.20,1
384.47,234.62,1
337.15,228.26,1
373.17,232.97,1
358.20,228.81,1
356.35,231.61,1
321.80,226.27,1
356.66,230.44,1
340.63,226.46,1
355.97,237.61,1
345.05,231.31,1
347.43,229.05,1
321.64,226.85,1
345.32,230.79,1
362.79,228.14,1
393.37,234.95,1
351.18,228.74,1
364.60,234.82,1
367.62,234.49,1
357.74,228.14,1
379.74,233.13,1
349.81,231.37,1
365.42,231.20,1
352.14,229.83,1
359.27,232.30,1
338.87,226.40,1
373.82,232.46,1
364.47,232.40,1
363.44,228.54,1
316.96,227.12,1
380.76,235.54,1
360.64,234.03,1
349.56,227.79,1
329.21,229.05,1
333.74,229.29,1
343.76,232.46,1
346.69,229.67,1
345.28,230.31,1
330.94,225.03,1
329.22,227.90,1
363.57,230.83,1
327.28,229.62,1
373.20,228.75,1
313.03,226.50,1
333.34,222.39,1
330.76,229.15,1
370.85,232.59,1
374.70,233.13,1
353.74,227.31,1
340.75,233.22,1
322.73,225.17,1
335.80,227.56,1
358.71,235.19,1
361.42,230.16,1
354.17,229.35,1
378.21,231.63,1
322.32,226.08,1
366.26,230.78,1
380.13,228.35,1
327.33,227.84,1
363.86,234.17,1
358.93,228.35,1
375.73,233.93,1
332.99,229.10,1
326.68,227.30,1
367.54,231.27,1
343.30,231.77,1
353.49,232.55,1
334.36,231.99,1
339.96,227.56,1
360.17,234.22,1
366.55,232.71,1
372.83,239.01,1
344.23,229.71,1
338.75,226.49,1
370.96,233.03,1
354.85,231.87,1
341.09,233.49,1
380.83,233.27,1
309.50,225.84,1
337.76,230.52,1
352.19,230.11,1
313.53,227.80,1
334.60,229.44,1
391.11,235.80,1
373.70,235.08,1
359.24,232.70,1
336.64,233.26,1
348.25,230.53,1
344.60,227.43,1
340.02,227.36,1
326.69,226.63,1
319.52,229.43,1
337.26,225.72,1
303.53,221.82,1
354.60,234.21,1
321.49,228.18,1
295.31,227.86,1
335.66,232.17,1
365.02,231.72,1
331.56,228.51,1
330.71,228.87,1
371.92,228.99,1
356.11,232.15,1
302.13,225.67,1
344.10,227.71,1
374.60,230.16,1
369.78,232.81,1
375.55,234.10,1
343.22,234.83,1
353.69,229.54,1
325.81,230.96,1
339.77,232.23,1
349.39,232.46,1
352.49,233.07,1
328.13,229.57,1
373.54,232.35,1
317.01,228.48,1
328.21,229.39,1
338.38,223.21,1
318.85,226.02,1
294.45,223.63,1
355.52,231.71,1
330.25,230.10,1
342.48,230.20,1
344.28,230.34,1
324.68,227.95,1
374.77,230.24,1
354.99,231.33,1
358.40,231.32,1
363.48,226.07,1
350.15,229.83,1
331.85,228.77,1
370.04,231.76,1
358.93,229.20,1
376.27,236.34,1
310.90,224.11,1
348.95,227.72,1
366.48,234.63,1
345.63,232.58,1
351.51,227.41,1
330.27,229.21,1
349.29,230.11,1
340.59,226.24,1
336.55,228.06,1
322.16,227.00,1
340.35,228.17,1
364.20,229.05,1
364.59,227.50,1
315.21,223.95,1
360.81,233.02,1
373.23,236.51,1
373.97,232.68,1
343.24,230.61,1
322.63,229.90,1
322.61,228.86,1
313.02,223.31,1
343.66,232.08,1
357.47,230.70,1
320.79,227.24,1
335.84,230.52,1
353.38,230.77,1
311.40,227.10,1
336.94,227.09,1
356.61,232.63,1
336.88,228.24,1
329.65,228.25,1
345.10,229.00,1
347.52,235.25,1
325.22,232.10,1
368.11,231.89,1
361.65,233.35,1
377.86,234.41,1
345.06,230.87,1
333.90,225.09,1
362.97,228.30,1
357.92,230.91,1
376.76,233.46,1
306.20,228.70,1
317.72,226.80,1
410.02,233.73,1
331.32,229.07,1
308.29,226.07,1
375.33,232.88,1
384.93,234.77,1
320.51,228.38,1
351.30,232.09,1
357.63,228.85,1
330.03,227.85,1
346.79,234.55,1
357.48,230.85,1
348.88,231.33,1
358.91,229.91,1
338.23,224.91,1
370.41,237.16,1
361.32,230.49,1
358.19,230.40,1
321.42,227.84,1
352.81,230.13,1
375.19,233.10,1
360.69,230.79,1
317.20,224.54,1
356.36,230.94,1
326.81,226.64,1
333.52,223.69,1
347.08,232.59,1
315.40,228.96,1
361.17,229.60,1
324.21,227.53,1
365.90,231.87,1
346.77,230.23,1
359.39,231.60,1
332.17,233.00,1
348.75,236.79,1
334.66,226.16,1
358.07,235.67,1
341.09,227.61,1
340.39,229.41,1
362.60,227.89,1
360.42,230.53,1
313.91,227.71,1
379.57,236.59,1
364.29,230.97,1
377.57,232.18,1
310.84,228.43,1
354.63,231.83,1
341.75,229.10,1
350.73,225.43,1
334.16,233.07,1
356.14,229.16,1
370.54,230.60,1
342.09,224.94,1
299.83,222.99,1
352.74,229.66,1
368.85,236.18,1
346.30,233.09,1
351.94,228.51,1
365.16,233.04,1
341.92,229.24,1
355.61,229.08,1
371.08,230.63,1
369.84,233.23,1
410.01,233.58,1
345.43,226.22,1
336.02,229.72,1
353.32,229.82,1
354.49,229.58,1
345.27,230.64,1
379.98,234.56,1
348.18,235.24,1
394.00,238.02,1
350.34,231.93,1
361.45,229.98,1
326.92,230.36,1
358.35,228.73,1
348.85,233.09,1
335.20,229.87,1
357.97,230.96,1
374.44,226.94,1
347.22,228.36,1
379.62,231.33,1
386.80,229.09,1
367.47,228.83,1
306.01,229.82,1
330.88,228.71,1
371.64,231.63,1
323.77,221.53,1
346.48,230.66,1
334.12,230.88,1
332.87,229.00,1
346.05,227.02,1
340.09,234.53,1
339.04,228.36,1
344.40,223.89,1
348.98,227.63,1
327.76,225.11,1
356.50,227.66,1
351.30,232.60,1
363.87,235.52,1
364.77,234.13,1
395.50,229.92,1
371.49,228.89,1
382.01,229.03,1
330.94,228.14,1
363.88,233.74,1
355.12,231.24,1
347.40,229.67,1
334.67,226.48,1
346.33,228.66,1
354.00,228.41,1
376.28,227.80,1
345.93,227.94,1
335.40,228.49,1
350.18,231.93,1
365.91,234.76,1
359.35,232.35,1
327.97,225.47,1
347.05,231.15,1
332.26,228.71,1
351.84,234.36,1
332.90,230.39,1
368.07,227.87,1
347.80,233.46,1
294.27,224.74,1
356.46,231.83,1
326.09,228.42,1
320.97,225.05,1
371.73,233.02,1
358.75,230.50,1
341.35,229.13,1
365.96,232.99,1
346.81,226.18,1
353.38,228.30,1
310.67,226.23,1
330.84,227.04,1
364.61,234.47,1
349.50,228.20,1
341.79,230.66,1
308.22,226.30,1
352.98,234.44,1
333.75,230.04,1
314.27,225.49,1
359.88,233.13,1
370.02,235.68,1
349.94,230.10,1
352.75,234.84,1
342.17,228.28,1
332.70,226.70,1
351.32,227.43,1
363.83,236.31,1
364.86,236.72,1
370.01,232.66,1
358.29,231.12,1
341.26,230.92,1
358.06,230.42,1
379.29,229.71,1
360.49,231.46,1
345.84,228.80,1
355.95,231.24,1
365.89,228.92,1
349.10,224.85,1
402.15,236.11,1
373.09,230.11,1
328.35,229.19,1
382.42,234.28,1
332.04,227.56,1
329.13,227.62,1
374.22,232.17,1
329.96,228.90,1
359.17,226.41,1
391.96,237.59,1
337.56,228.09,1
347.97,231.06,1
333.52,225.63,1
339.73,228.96,1
307.24,221.47,1
328.49,226.98,1
377.76,232.33,1
355.29,231.77,1
349.12,227.57,1
340.20,229.62,1
351.85,231.76,1
360.59,232.22,1
335.65,230.48,1
363.01,231.90,1
351.10,231.53,1
374.11,234.13,1
339.13,228.18,1
364.96,234.77,1
341.68,232.44,1
354.32,233.76,1
355.14,235.11,1
350.23,232.23,1
364.30,238.26,1
348.86,227.35,1
327.10,226.27,1
348.02,230.95,1
364.36,229.73,1
334.20,232.55,1
335.36,229.23,1
326.42,224.64,1
346.92,228.84,1
337.12,227.22,1
386.43,236.95,1
330.09,228.51,1
336.96,228.32,1
325.61,224.13,1
364.12,230.90,1
316.69,229.06,1
340.56,226.66,1
331.44,232.12,1
310.66,223.47,1
348.06,226.81,1
344.47,230.45,1
328.24,225.43,1
356.94,233.85,1
351.78,232.52,1
354.42,233.46,1
363.13,229.67,1
371.89,233.98,1
328.29,226.81,1
352.10,231.27,1
300.28,221.90,1
342.08,228.64,1
306.41,223.57,1
356.92,228.59,1
314.34,223.98,1
357.90,234.71,1
383.38,231.13,1
353.60,231.62,1
365.72,226.66,1
340.56,226.50,1
354.09,230.79,1
350.78,226.73,1
368.65,232.69,1
342.02,224.33,1
368.39,229.46,1
339.06,230.53,1
364.05,229.60,1
318.65,231.78,1
335.14,228.16,1
349.21,229.62,1
378.64,229.87,1
359.83,234.84,1
330.59,230.32,1
362.11,230.09,1
307.76,223.32,1
346.21,230.99,1
351.08,231.22,1
363.66,231.52,1
374.65,227.44,1
368.12,229.50,1
360.16,229.57,1
350.81,229.08,1
318.07,229.36,1
377.75,235.14,1
360.42,227.16,1
357.32,231.36,1
337.74,223.39,1
292.73,224.01,1
343.51,233.19,1
351.70,236.07,1
365.96,234.73,1
358.81,230.63,1
354.87,228.53,1
349.04,231.34,1
368.13,229.31,1
338.04,229.84,1
360.70,227.48,1
365.53,229.57,1
407.12,233.14,1
347.59,229.21,1
331.81,227.65,1
345.09,230.92,1
335.17,227.48,1
372.77,231.97,1
379.11,232.07,1
331.41,231.61,1
347.05,230.48,1
371.26,228.28,1
361.50,230.33,1
316.42,223.91,1
368.28,229.39,1
336.85,232.20,1
374.14,230.24,1
375.33,232.96,1
330.87,228.27,1
380.95,228.50,1
347.40,232.82,1
362.53,231.95,1
334.15,227.35,1
345.47,230.14,1
314.61,229.65,1
374.86,232.61,1
369.16,232.28,1
335.94,228.30,1
339.66,229.28,1
344.83,231.44,1
351.25,235.13,1
376.54,232.30,1
342.01,230.63,1
362.74,232.92,1
337.98,229.10,1
357.32,232.38,1
348.51,228.67,1
362.27,229.56,1
386.36,229.74,1
362.90,231.78,1
339.66,231.36,1
332.72,229.89,1
324.22,224.81,1
342.76,229.17,1
353.84,226.37,1
322.37,225.15,1
358.24,229.87,1
367.16,232.54,1
349.72,232.23,1
338.89,230.68,1
328.62,229.61,1
348.64,227.86,1
328.56,227.20,1
356.51,234.61,1
326.81,230.05,1
330.23,228.27,1
362.47,227.75,1
342.05,225.42,1
335.84,225.37,1
375.85,232.95,1
336.81,228.12,1
346.95,227.09,1
364.14,236.68,1
368.54,230.09,1
318.97,228.64,1
327.46,226.78,1
306.69,223.94,1
350.89,231.47,1
334.35,230.51,1
342.58,226.61,1
358.41,233.25,1
378.19,232.11,1
317.82,229.69,1
358.47,228.07,1
359.17,232.60,1
329.96,229.95,1
327.84,228.24,1
370.95,231.64,1
365.02,229.43,1
323.07,226.70,1
332.17,230.36,1
346.72,233.08,1
343.01,229.25,1
356.80,234.85,1
362.58,227.93,1
359.42,227.76,1
360.95,228.23,1
374.20,235.26,1
381.08,234.16,1
324.42,224.39,1
323.24,225.91,1
365.50,228.31,1
336.60,227.72,1
393.50,237.50,1
349.79,230.60,1
333.94,229.51,1
315.10,225.01,1
341.42,229.25,1
338.80,231.85,1
347.66,232.39,1
379.23,234.99,1
336.11,227.12,1
334.28,222.15,1
341.68,231.38,1
371.38,234.12,1
331.53,230.30,1
372.55,232.36,1
329.62,226.62,1
364.55,229.65,1
335.45,226.44,1
340.37,225.41,1
353.52,229.40,1
332.90,226.37,1
324.95,227.06,1
308.68,226.39,1
359.63,230.45,1
347.75,232.22,1
325.71,229.02,1
332.99,232.85,1
333.71,229.59,1
355.20,227.80,1
363.32,231.46,1
337.21,230.61,1
370.18,235.32,1
337.33,230.93,1
366.13,233.21,1
383.29,232.66,1
335.86,223.78,1
377.25,233.52,1
362.61,233.61,1
355.44,226.40,1
367.93,230.17,1
353.04,227.55,1
357.16,231.74,1
379.42,234.15,1
329.50,230.33,1
358.77,228.51,1
356.74,232.63,1
365.93,231.12,1
348.93,229.18,1
336.08,228.42,1
398.36,235.66,1
337.98,225.58,1
354.78,227.95,1
353.50,228.37,1
335.79,226.18,1
309.75,225.40,1
342.45,230.99,1
335.12,230.01,1
350.79,231.49,1
389.88,238.14,1
378.39,231.76,1
352.75,231.08,1
382.09,236.63,1
366.00,231.01,1
319.24,225.57,1
332.75,231.37,1
357.84,228.56,1
315.70,226.28,1
345.76,230.20,1
365.17,227.55,1
406.31,236.68,1
341.50,226.25,1
385.35,236.58,1
344.98,229.23,1
353.22,233.36,1
330.27,227.28,1
348.46,229.37,1
346.77,228.08,1
331.87,227.59,1
363.13,234.28,1
333.60,226.06,1
356.20,232.78,1
341.35,233.82,1
348.22,228.39,1
352.23,229.75,1
380.03,232.93,1
365.69,229.14,1
350.23,227.52,1
327.31,226.39,1
366.02,231.24,1
360.25,230.87,1
322.62,229.29,1
317.04,225.15,1
352.57,230.10,1
312.64,222.65,1
348.33,230.20,1
344.83,232.18,1
353.82,226.04,1
340.92,226.74,1
356.21,231.75,1
350.86,232.79,1
351.80,229.23,1
379.98,234.17,1
358.63,230.93,1
340.33,231.17,1
343.62,229.78,1
330.88,232.30,1
344.38,230.43,1
392.42,234.70,1
357.59,229.29,1
341.83,226.87,1
372.09,231.26,1
349.58,229.88,1
392.92,233.14,1
314.58,226.49,1
368.42,232.12,1
321.15,228.16,1
357.34,227.91,1
323.87,224.81,1
362.39,231.85,1
359.24,235.53,1
340.09,228.14,1
363.47,230.23,1
339.53,225.96,1
376.35,225.39,1
374.12,236.24,1
349.15,231.84,1
384.83,237.12,1
365.43,231.08,1
317.08,227.27,1
345.80,230.78,1
319.12,227.84,1
368.12,228.71,1
353.01,233.12,1
344.76,226.12,1
340.19,231.89,1
307.74,223.70,1
329.09,228.44,1
356.00,230.82,1
369.83,230.63,1
323.11,228.30,1
335.96,224.45,1
310.71,229.96,1
341.63,227.42,1
349.33,229.94,1
338.07,226.43,1
351.93,234.59,1
381.49,234.13,1
361.06,229.35,1
318.83,228.73,1
308.21,225.26,1
328.10,225.19,1
358.05,229.73,1
346.44,230.13,1
314.61,223.68,1
383.92,231.69,1
341.26,229.00,1
362.60,230.18,1
344.37,225.78,1
360.73,237.06,1
362.35,233.61,1
334.60,229.26,1
330.87,225.98,1
313.71,224.08,1
359.86,230.74,1
335.42,226.29,1
342.39,230.37,1
330.60,229.51,1
332.43,230.91,1
323.02,222.79,1
340.33,228.36,1
344.76,231.49,1
350.00,227.88,1
366.85,232.33,1
370.88,235.24,1
335.07,231.73,1
331.78,229.47,1
356.98,228.28,1
343.95,228.44,1
331.67,231.49,1
329.83,228.30,1
341.94,225.83,1
341.00,230.75,1
369.37,231.71,1
369.46,231.68,1
324.10,229.90,1
344.07,227.57,1
335.89,227.88,1
332.59,231.05,1
325.63,228.61,1
384.45,230.28,1
390.52,233.11,1
345.00,233.56,1
354.08,231.04,1
383.28,232.07,1
371.56,228.68,1
352.72,232.93,1
348.89,229.88,1
345.45,227.70,1
369.27,236.65,1
355.67,234.95,1
328.14,230.37,1
408.77,237.30,1
326.82,224.95,1
395.78,235.39,1
307.41,223.60,1
375.92,230.49,1
346.46,229.14,1
372.82,227.31,1
342.94,231.78,1
313.93,230.72,1
326.50,227.42,1
380.63,231.68,1
332.69,230.06,1
336.61,227.68,1
331.60,227.57,1
328.69,230.01,1
364.85,234.38,1
381.64,233.21,1
317.47,228.44,1
329.90,222.78,1
382.01,233.33,1
368.67,230.59,1
368.83,232.77,1
340.26,228.49,1
376.56,232.31,1
362.35,232.63,1
342.41,223.94,1
342.54,230.80,1
369.47,231.17,1
362.87,232.07,1
365.96,230.03,1
365.31,231.27,1
329.40,232.69,1
303.06,226.42,1
367.30,233.82,1
322.57,224.69,1
370.42,234.52,1
351.79,231.47,1
352.63,226.83,1
387.40,238.73,1
354.37,232.58,1
328.87,224.97,1
344.06,229.02,1
340.25,227.68,1
343.18,228.18,1
378.60,230.12,1
331.80,225.80,1
372.20,234.34,1
308.47,228.02,1
356.04,228.34,1
346.84,233.65,1
382.13,237.13,1
385.29,231.96,1
309.71,220.06,1
373.21,230.64,1
346.80,229.73,1
359.73,230.88,1
343.74,230.23,1
333.68,228.95,1
349.31,232.25,1
346.47,231.67,1
343.21,227.41,1
348.60,230.77,1
346.95,231.47,1
354.26,230.63,1
343.28,232.67,1
358.98,234.72,1
346.62,226.69,1
341.96,228.56,1
338.45,229.33,1
331.16,228.45,1
336.96,233.57,1
340.18,229.87,1
341.04,227.69,1
342.84,231.10,1
367.58,231.83,1
340.40,230.73,1
343.07,230.70,1
361.07,231.43,1
322.61,229.56,1
353.51,230.39,1
373.66,234.30,1
359.87,225.24,1
363.47,228.87,1
364.82,230.12,1
381.33,231.93,1
374.06,233.09,1
353.95,234.25,1
368.25,231.61,1
348.13,226.19,1
342.37,230.41,1
365.17,233.18,1
355.23,231.04,1
371.64,232.07,1
362.22,235.58,1
311.69,234.83,1
345.37,229.38,1
337.44,227.91,1
337.47,229.35,1
392.68,231.81,1
378.33,232.83,1
341.79,230.21,1
341.40,226.02,1
329.22,227.56,1
330.07,231.31,1
315.83,223.17,1
329.70,232.57,1
358.32,230.13,1
358.25,233.69,1
366.38,231.27,1
340.22,230.58,1
354.96,227.95,1
355.34,228.46,1
377.61,233.44,1
370.92,236.16,1
351.18,229.60,1
359.35,232.32,1
372.79,229.80,1
362.89,234.03,1
346.48,228.89,1
316.98,228.00,1
327.42,226.74,1
364.78,230.59,1
331.71,225.43,1
323.45,226.44,1
380.15,231.02,1
342.59,230.68,1
309.56,226.77,1
352.49,233.36,1
360.15,226.19,1
309.52,227.90,1
310.31,228.49,1
377.73,231.61,1
347.43,226.99,1
315.01,228.79,1
341.50,231.93,1
337.93,225.86,1
357.05,228.85,1
351.38,231.52,1
360.26,228.41,1
342.00,228.66,1
326.57,227.92,1
347.28,227.54,1
349.23,231.82,1
326.78,224.57,1
345.93,224.51,1
376.12,226.11,1
364.67,226.21,1
339.03,226.56,1
365.46,233.54,1
357.39,230.75,1
364.51,234.40,1
338.52,226.80,1
367.50,232.37,1
325.22,228.51,1
364.59,230.30,1
348.79,231.69,1
361.88,226.43,1
361.51,230.68,1
397.42,236.36,1
379.12,231.35,1
369.77,232.63,1
325.65,227.46,1
296.84,226.97,1
336.11,225.39,1
333.74,232.02,1
329.97,222.34,1
361.72,229.55,1
348.42,231.35,1
355.82,231.20,1
383.55,232.72,1
331.80,225.14,1
340.27,232.64,1
365.39,232.78,1
353.76,231.02,1
356.74,228.35,1
342.07,230.74,1
407.09,236.87,1
376.58,235.34,1
357.44,230.43,1
330.74,229.42,1
330.64,230.42,1
332.01,225.63,1
355.70,228.11,1
327.41,224.51,1
358.05,230.81,1
354.20,231.78,1
366.26,231.38,1
355.68,227.53,1
343.89,227.75,1
336.90,227.30,1
332.08,229.36,1
341.60,224.48,1
353.61,231.36,1
364.70,227.32,1
346.16,230.76,1
350.11,228.68,1
344.53,229.95,1
354.48,230.28,1
341.45,226.45,1
361.42,229.13,1
328.41,229.55,1
351.59,230.60,1
330.39,229.28,1
351.80,229.71,1
335.66,229.75,1
372.49,233.16,1
334.38,230.15,1
348.71,231.63,1
323.10,231.62,1
329.35,230.78,1
372.31,232.52,1
356.96,229.83,1
380.63,231.63,1
361.21,229.80,1
342.77,219.27,1
342.38,229.35,1
312.35,223.29,1
373.41,231.69,1
330.66,228.41,1
364.67,231.57,1
312.75,228.71,1
385.00,230.50,1
367.32,234.91,1
352.36,230.20,1
321.35,227.29,1
334.51,225.38,1
367.36,234.24,1
377.26,234.95,1
363.13,232.52,1
358.66,232.46,1
345.77,233.38,1
316.83,226.11,1
363.95,233.12,1
389.07,237.57,1
362.50,233.55,1
343.35,229.37,1
322.92,228.51,1
348.73,233.87,1
376.59,234.65,1
364.63,231.91,1
342.87,230.48,1
342.67,231.99,1
341.73,231.75,1
379.60,229.59,1
390.53,233.73,1
310.69,230.65,1
327.58,226.53,1
364.33,232.86,1
360.90,228.10,1
366.19,232.14,1
394.05,231.65,1
306.94,226.24,1
340.69,225.47,1
363.89,230.07,1
392.13,236.53,1
319.58,230.14,1
337.36,230.17,1
324.05,224.98,1
389.08,232.95,1
370.61,226.91,1
308.73,221.32,1
360.73,229.00,1
327.31,227.87,1
281.66,222.92,1
370.60,232.46,1
354.29,229.67,1
352.47,224.94,1
364.48,231.97,1
320.63,225.52,1
330.16,229.20,1
344.37,227.41,1
361.06,229.39,1
343.14,230.93,1
364.17,233.22,1
339.26,231.21,1
372.63,230.27,1
376.80,231.93,1
328.02,230.91,1
328.01,227.82,1
362.13,231.70,1
348.57,228.94,1
366.91,226.89,1
369.07,228.95,1
378.50,232.60,1
379.13,234.14,1
356.49,228.96,1
344.04,229.57,1
310.30,228.49,1
379.57,230.63,1
341.20,230.20,1
343.06,228.13,1
357.88,233.23,1
354.95,231.94,1
384.80,235.12,1
331.35,229.23,1
348.82,231.13,1
382.71,232.96,1
364.68,233.80,1
345.09,228.57,1
335.75,228.78,1
301.50,223.71,1
382.94,233.36,1
404.48,233.62,1
343.11,227.63,1
371.93,234.30,1
343.24,231.84,1
343.01,230.64,1
340.23,227.72,1
344.08,225.53,1
341.39,225.93,1
351.47,233.56,1
342.59,227.66,1
360.35,230.66,1
350.23,229.49,1
352.78,229.94,1
353.92,234.34,1
324.84,230.05,1
397.55,235.40,1
375.88,229.15,1
350.99,229.47,1
373.11,231.34,1
356.74,231.65,1
307.91,222.58,1
343.89,227.73,1
350.85,230.93,1
356.85,232.16,1
362.53,230.51,1
319.51,224.83,1
377.42,231.64,1
321.10,229.92,1
364.25,233.05,1
347.90,231.22,1
329.77,232.83,1
342.69,232.00,1
344.50,229.12,1
360.49,229.86,1
359.41,232.90,1
329.29,226.75,1
374.15,233.98,1
357.79,231.17,1
360.84,231.96,1
359.92,227.04,1
344.27,233.62,1
381.57,237.18,1
330.05,226.24,1
344.19,225.99,1
345.43,223.63,1
370.23,230.03,1
366.28,232.02,1
369.96,230.54,1
340.47,229.79,1
336.96,227.47,1
351.65,230.78,1
332.25,230.99,1
310.53,222.40,1
357.47,226.46,1
379.95,232.15,1
314.88,225.52,1
329.37,228.63,1
365.82,231.73,1
372.28,227.37,1
337.91,233.98,1
400.52,236.24,1
305.11,225.48,1
363.95,231.90,1
340.03,226.96,1
386.64,231.32,1
354.82,229.58,1
328.72,229.05,1
310.46,226.09,1
346.78,231.35,1
337.55,229.75,1
334.50,228.01,1
339.82,229.75,1
303.94,225.01,1
321.72,228.14,1
338.63,225.23,1
344.31,231.93,1
327.77,228.15,1
349.40,232.53,1
341.53,228.75,1
330.05,231.27,1
365.44,229.63,1
322.96,225.65,1
376.19,230.41,1
377.22,234.22,1
391.00,234.84,1
349.62,230.41,1
367.30,231.16,1
372.42,231.94,1
370.42,233.23,1
378.60,236.60,1
350.03,229.57,1
381.62,231.83,1
385.00,234.30,1
347.84,229.41,1
341.28,228.47,1
369.30,230.36,1
338.86,227.91,1
342.24,228.13,1
337.67,228.11,1
365.27,235.57,1
363.44,234.80,1
316.55,226.08,1
328.68,228.08,1
331.27,228.74,1
390.01,241.14,1
377.78,230.52,1
354.84,232.26,1
359.17,231.98,1
333.21,227.75,1
364.44,235.15,1
374.86,233.53,1
340.05,225.94,1
335.09,233.14,1
333.91,234.08,1
365.61,228.19,1
344.62,231.53,1
374.09,232.01,1
392.80,234.04,1
333.09,231.55,1
342.25,228.62,1
340.74,230.38,1
329.91,226.48,1
329.22,227.68,1
328.19,230.03,1
374.45,233.73,1
325.55,226.50,1
345.87,232.08,1
338.94,228.44,1
350.79,226.36,1
341.72,224.46,1
359.80,231.27,1
369.11,230.02,1
353.65,226.80,1
397.80,242.05,1
353.88,230.65,1
339.15,229.24,1
346.54,226.54,1
366.87,232.11,1
391.95,231.25,1
354.63,231.96,1
340.16,226.32,1
337.12,228.67,1
313.81,230.24,1
353.01,233.24,1
326.29,231.49,1
359.79,228.26,1
393.55,230.48,1
337.37,225.48,1
364.10,230.14,1
356.14,226.70,1
403.66,233.09,1
351.72,229.64,1
350.38,227.50,1
306.91,222.03,1
311.84,226.56,1
350.25,227.03,1
353.18,224.57,1
328.33,227.03,1
388.57,233.38,1
361.34,229.55,1
355.32,231.96,1
362.56,234.58,1
347.71,229.80,1
351.42,227.87,1
347.54,226.91,1
355.96,231.63,1
367.33,233.90,1
365.34,227.48,1
344.62,229.68,1
350.57,229.61,1
380.18,232.14,1
360.83,230.35,1
351.37,228.77,1
333.47,226.84,1
374.16,230.51,1
351.14,229.10,1
394.87,235.82,1
336.00,226.59,1
354.79,229.93,1
327.35,227.39,1
351.23,232.96,1
358.82,230.94,1
348.57,227.05,1
377.04,235.01,1
344.56,230.47,1
380.56,228.93,1
346.50,225.39,1
331.04,227.34,1
348.59,232.81,1
347.24,234.95,1
364.49,232.75,1
337.28,228.83,1
347.99,231.31,1
365.67,234.55,1
331.70,227.73,1
362.46,228.62,1
354.44,228.32,1
370.64,234.70,1
353.82,230.12,1
350.58,227.41,1
397.47,236.31,1
333.08,224.76,1
372.61,230.44,1
355.05,232.36,1
329.58,229.65,1
357.22,231.34,1
366.94,232.68,1
328.25,230.84,1
401.04,233.93,1
370.05,229.76,1
375.20,233.64,1
338.11,226.30,1
333.51,226.01,1
324.14,229.62,1
355.51,229.45,1
336.59,233.34,1
362.51,234.22,1
363.01,233.01,1
369.78,235.70,1
369.05,232.25,1
364.80,236.61,1
336.22,230.63,1
391.94,236.57,1
330.84,229.46,1
323.88,223.35,1
352.82,229.79,1
335.50,228.03,1
304.03,223.98,1
347.93,234.99,1
369.67,230.19,1
317.09,221.87,1
345.17,230.23,1
334.41,226.49,1
343.25,224.20,1
339.00,230.99,1
374.23,233.22,1
348.72,231.57,1
354.03,230.18,1
338.93,229.38,1
339.48,225.88,1
313.62,224.56,1
377.92,234.35,1
344.02,228.45,1
341.91,234.65,1
355.90,228.30,1
345.30,230.80,1
310.22,229.10,1
366.41,226.83,1
330.30,227.41,1
326.53,225.22,1
354.52,226.87,1
365.45,233.56,1
337.46,229.65,1
386.57,235.89,1
374.10,229.87,1
324.44,227.69,1
365.32,234.30,1
353.76,234.17,1
342.18,227.30,1
377.13,231.87,1
340.89,230.33,1
370.22,235.36,1
324.11,228.34,1
344.92,229.94,1
355.70,231.16,1
342.54,231.26,1
350.68,230.92,1
357.29,229.00,1
314.74,227.36,1
362.79,232.28,1
305.56,226.33,1
342.42,232.18,1
335.71,225.89,1
317.30,231.23,1
371.74,232.68,1
364.43,232.66,1
360.60,231.65,1
344.53,233.72,1
335.56,231.41,1
357.80,232.37,1
383.77,233.33,1
344.50,232.13,1
328.94,228.42,1
344.21,228.08,1
369.25,229.84,1
388.13,239.15,1
328.84,231.47,1
366.28,230.82,1
382.68,233.11,1
304.34,231.06,1
350.36,232.44,1
405.78,237.46,1
388.45,235.71,1
329.85,231.77,1
328.49,226.43,1
376.54,232.07,1
334.73,226.33,1
350.05,225.97,1
342.55,231.13,1
391.87,227.53,1
378.99,234.32,1
376.74,233.26,1
313.75,229.54,1
375.82,232.45,1
375.98,235.34,1
389.60,231.06,1
303.15,229.84,1
371.57,230.62,1
348.20,228.31,1
371.65,235.48,1
347.78,232.59,1
336.79,228.67,1
342.22,227.08,1
363.95,230.94,1
388.45,229.68,1
335.83,230.76,1
377.12,233.42,1
347.86,235.61,1
352.74,233.55,1
345.02,231.49,1
319.62,229.29,1
332.78,228.45,1
373.71,229.61,1
347.00,228.75,1
321.26,223.66,1
359.98,228.20,1
364.76,234.24,1
353.76,231.69,1
333.91,227.56,1
370.42,229.72,1
319.61,227.42,1
349.05,233.80,1
354.25,228.07,1
360.46,230.84,1
342.03,225.66,1
369.79,235.28,1
352.32,232.14,1
342.77,225.41,1
353.54,228.52,1
368.42,230.68,1
317.08,225.49,1
361.22,233.11,1
340.62,228.51,1
375.58,230.91,1
344.73,233.33,1
357.11,228.48,1
386.10,231.71,1
362.90,229.24,1
356.93,231.52,1
327.46,227.65,1
352.11,231.73,1
339.55,228.71,1
331.44,230.11,1
363.66,231.71,1
366.95,230.77,1
366.92,229.18,1
337.18,229.62,1
350.01,226.41,1
328.02,233.93,1
368.34,230.75,1
377.46,232.04,1
399.85,230.18,1
373.56,232.47,1
330.45,222.81,1
332.30,230.55,1
318.38,225.65,1
354.42,231.96,1
377.48,232.44,1
345.89,227.40,1
343.51,225.96,1
359.41,232.99,1
369.30,234.94,1
350.47,233.98,1
307.81,227.62,1
354.50,231.27,1
349.58,230.54,1
338.80,229.03,1
368.70,232.61,1
387.98,232.74,1
327.88,225.50,1
334.88,229.13,1
352.45,232.16,1
351.43,233.29,1
335.55,229.40,1
352.64,230.96,1
363.76,230.74,1
324.64,225.84,1
355.01,224.11,1
371.93,232.95,1
356.78,226.58,1
362.09,228.65,1
362.18,235.86,1
374.98,230.63,1
355.91,231.67,1
331.92,227.12,1
348.62,230.59,1
364.62,231.91,1
342.35,231.40,1
381.31,234.98,1
365.89,233.02,1
359.36,233.46,1
339.80,231.33,1
329.67,222.02,1
312.99,225.94,1
362.05,228.64,1
402.73,234.40,1
364.35,232.27,1
346.43,232.35,1
343.10,226.48,1
344.60,227.80,1
349.66,229.90,1
334.42,229.55,1
360.14,232.42,1
325.76,225.51,1
359.90,233.17,1
341.31,230.91,1
312.30,225.27,1
322.24,224.91,1
366.09,230.15,1
338.36,224.50,1
347.75,229.79,1
328.34,226.90,1
318.60,226.35,1
393.43,237.30,1
357.15,230.67,1
353.18,231.70,1
355.13,228.34,1
354.56,234.01,1
320.45,227.72,1
350.87,232.41,1
336.58,231.19,1
364.79,230.49,1
336.72,229.20,1
350.17,229.05,1
341.96,226.65,1
377.90,230.18,1
353.95,230.55,1
351.16,228.26,1
357.59,233.14,1
357.30,232.67,1
307.70,224.05,1
309.42,225.89,1
331.81,228.79,1
331.07,230.11,1
359.82,229.32,1
374.55,235.94,1
362.31,231.58,1
377.68,235.42,1
361.65,233.04,1
343.38,230.17,1
348.11,228.55,1
353.65,229.65,1
366.29,232.27,1
338.87,223.62,1
339.67,228.07,1
371.28,233.98,1
376.52,233.95,1
361.73,231.73,1
338.59,228.38,1
342.10,234.00,1
336.76,228.96,1
344.28,230.31,1
368.50,232.41,1
356.79,236.16,1
348.96,229.86,1
338.75,228.90,1
372.71,233.13,1
335.32,225.42,1
338.80,228.74,1
338.55,232.27,1
318.91,229.42,1
350.72,226.08,1
318.93,226.39,1
347.56,231.26,1
381.38,230.70,1
381.81,234.33,1
336.07,227.85,1
368.88,231.13,1
348.92,227.75,1
358.46,232.02,1
318.77,230.47,1
351.42,231.09,1
355.82,233.09,1
355.60,234.80,1
357.78,229.36,1
321.74,228.77,1
371.90,233.96,1
350.66,229.34,1
355.85,225.56,1
363.10,232.78,1
340.70,230.36,1
322.79,224.42,1
341.06,229.07,1
361.63,235.83,1
352.58,230.09,1
360.90,233.24,1
353.89,231.71,1
364.01,226.87,1
365.12,233.62,1
357.97,234.07,1
322.37,225.34,1
361.86,230.38,1
365.53,234.19,1
373.16,231.39,1
359.79,232.05,1
358.51,234.56,1
348.97,230.36,1
350.85,233.29,1
381.26,232.57,1
364.60,233.84,1
361.96,230.85,1
357.17,231.10,1
362.96,230.92,1
366.17,234.33,1
360.64,227.93,1
327.21,222.56,1
358.97,229.38,1
354.07,228.45,1
362.11,227.50,1
319.82,229.40,1
368.11,236.07,1
333.38,227.49,1
320.50,225.52,1
323.29,225.31,1
338.33,228.44,1
377.72,230.85,1
326.80,227.34,1
345.86,232.02,1
315.33,226.17,1
363.01,236.51,1
371.61,231.27,1
354.00,234.50,1
374.80,230.97,1
346.12,230.28,1
301.69,221.01,1
318.87,221.63,1
350.28,231.16,1
328.65,229.40,1
373.41,229.08,1
349.80,232.12,1
381.69,235.68,1
349.48,225.45,1
346.80,232.22,1
324.76,225.08,1
345.95,228.53,1
368.19,231.34,1
304.52,225.98,1
371.77,229.93,1
347.46,227.75,1
312.17,224.91,1
325.82,229.13,1
340.81,233.77,1
363.89,230.21,1
362.56,232.21,1
348.11,232.27,1
347.31,226.64,1
379.10,234.70,1
350.54,228.99,1
331.60,228.50,1
366.35,232.96,1
351.80,231.09,1
360.06,233.70,1
376.50,232.86,1
358.32,230.90,1
385.53,233.61,1
351.09,230.38,1
364.71,231.72,1
336.81,231.00,1
327.61,228.58,1
333.46,229.94,1
323.31,221.90,1
327.50,231.31,1
353.40,227.52,1
354.24,226.81,1
380.70,234.44,1
364.01,229.52,1
326.96,221.55,1
375.25,232.89,1
373.48,230.44,1
316.56,225.39,1
363.78,233.03,1
351.22,228.77,1
352.86,233.92,1
354.11,228.47,1
375.00,233.77,1
367.14,230.36,1
353.63,232.52,1
299.08,221.76,1
353.43,232.62,1
330.24,230.33,1
347.94,230.90,1
330.78,226.43,1
327.82,230.23,1
345.60,229.07,1
372.34,229.41,1
384.55,233.19,1
358.81,233.92,1
341.41,231.07,1
348.36,225.10,1
332.01,224.62,1
346.11,231.22,1
344.07,228.09,1
368.85,232.67,1
346.89,232.14,1
378.44,236.34,1
321.53,230.57,1
345.29,227.33,1
347.11,230.80,1
398.84,240.29,1
378.51,234.53,1
353.69,231.24,1
329.37,226.39,1
347.50,230.70,1
346.35,229.61,1
363.68,230.46,1
305.70,223.96,1
352.38,231.83,1
326.69,230.43,1
372.01,235.30,1
363.55,230.81,1
332.50,230.66,1
384.19,237.18,1
370.01,230.93,1
356.77,227.92,1
339.64,231.36,1
370.85,230.08,1
367.36,230.10,1
345.88,226.73,1
333.99,227.00,1
388.92,235.75,1
340.50,227.72,1
326.09,228.26,1
325.37,226.06,1
356.40,232.67,1
376.53,234.65,1
327.99,227.57,1
339.19,227.31,1
356.46,234.71,1
377.84,228.77,1
324.06,228.87,1
342.29,230.49,1
326.64,231.56,1
326.21,228.91,1
360.09,229.13,1
362.85,232.74,1
358.15,229.21,1
358.43,230.82,1
298.68,223.18,1
368.01,231.30,1
316.78,227.14,1
382.91,236.39,1
363.93,230.70,1
348.41,231.04,1
352.02,226.98,1
350.31,228.79,1
338.47,230.07,1
332.63,232.84,1
358.95,225.36,1
341.22,226.50,1
349.52,230.18,1
356.18,234.76,1
346.23,231.70,1
349.41,233.14,1
375.16,227.25,1
377.92,229.36,1
345.85,228.93,1
364.01,226.81,1
359.55,226.97,1
311.75,228.12,1
363.58,228.27,1
370.54,237.41,1
300.73,221.42,1
374.66,234.72,1
360.64,230.38,1
333.29,228.10,1
369.19,230.36,1
355.94,224.09,1
321.05,226.33,1
356.63,233.27,1
371.04,232.20,1
388.31,232.96,1
324.52,229.35,1
366.99,230.13,1
348.36,225.82,1
342.86,224.92,1
390.99,236.01,1
391.92,232.48,1
356.06,230.81,1
352.14,231.24,1
358.53,230.70,1
349.80,228.58,1
388.73,231.39,1
333.21,225.33,1
346.83,228.60,1
352.24,234.21,1
356.42,233.01,1
335.39,226.78,1
347.41,226.86,1
328.48,228.12,1
329.74,227.51,1
337.60,231.79,1
355.04,229.81,1
313.58,229.67,1
370.45,234.43,1
370.40,233.59,1
383.00,236.55,1
331.03,226.92,1
337.62,230.23,1
340.30,228.12,1
343.41,226.24,1
381.67,233.25,1
378.71,238.59,1
372.17,234.53,1
353.83,231.37,1
334.07,225.23,1
359.27,232.84,1
368.73,231.20,1
375.99,233.79,1
392.90,227.49,1
349.24,230.02,1
350.91,228.45,1
359.11,232.71,1
343.81,231.47,1
325.74,226.44,1
364.42,229.42,1
381.00,231.88,1
312.51,226.85,1
343.14,229.93,1
351.04,231.07,1
361.15,233.42,1
332.40,233.83,1
368.05,232.04,1
358.34,232.48,1
348.43,228.33,1
328.54,229.02,1
342.85,228.56,1
321.59,228.56,1
338.53,228.35,1
353.98,232.43,1
311.71,226.63,1
345.53,228.98,1
359.85,231.53,1
365.82,227.20,1
344.83,225.86,1
310.15,224.16,1
350.40,232.80,1
356.66,230.61,1
360.56,225.25,1
346.17,230.82,1
341.88,229.94,1
345.79,233.50,1
313.60,226.88,1
325.19,229.34,1
333.84,227.43,1
343.40,227.26,1
343.13,226.48,1
371.86,232.36,1
363.54,231.01,1
338.40,230.53,1
353.82,225.23,1
345.37,223.59,1
376.87,235.07,1
312.04,230.88,1
360.77,230.50,1
360.42,230.20,1
353.32,232.64,1
347.72,231.37,1
309.57,226.44,1
349.06,231.23,1
340.44,229.22,1
338.45,229.44,1
360.74,236.43,1
368.27,233.44,1
351.25,227.56,1
354.09,231.48,1
320.19,231.41,1
317.67,226.99,1
370.12,232.08,1
372.85,232.78,1
348.30,228.06,1
356.83,228.95,1
329.61,224.00,1
333.52,228.06,1
333.75,223.37,1
363.83,237.71,1
359.16,234.53,1
353.67,229.80,1
354.70,232.86,1
341.87,227.42,1
358.78,230.95,1
341.96,224.83,1
351.44,229.10,1
361.83,232.10,1
367.17,231.86,1
361.03,231.43,1
318.83,227.09,1
354.51,229.03,1
371.59,229.31,1
331.10,224.80,1
364.52,229.88,1
391.92,236.32,1
352.01,234.77,1
307.50,230.02,1
361.93,232.00,1
366.88,231.93,1
373.42,227.28,1
337.91,229.07,1
386.97,233.38,1
363.92,228.64,1
366.00,231.83,1
356.86,229.40,1
377.02,233.17,1
363.15,231.39,1
361.47,234.56,1
367.65,230.76,1
325.94,225.62,1
344.26,229.13,1
353.71,229.56,1
329.03,228.11,1
321.37,227.80,1
366.95,233.03,1
327.94,229.13,1
386.97,235.00,1
343.11,233.95,1
350.00,223.60,1
359.05,230.40,1
362.17,229.56,1
353.04,231.29,1
335.93,227.25,1
358.13,232.49,1
355.41,230.13,1
340.03,230.13,1
320.77,229.68,1
347.34,228.77,1
338.38,229.36,1
356.86,233.05,1
307.41,223.49,1
330.24,226.03,1
384.18,235.51,1
341.99,230.13,1
372.18,235.30,1
331.23,228.17,1
297.74,224.74,1
344.68,232.01,1
325.37,225.43,1
350.42,231.58,1
320.68,226.26,1
365.33,229.82,1
343.71,226.62,1
341.07,227.81,1
385.70,235.61,1
355.79,228.58,1
401.16,233.58,1
369.56,229.03,1
360.25,232.63,1
358.79,225.48,1
333.63,231.05,1
359.28,232.29,1
328.24,227.76,1
357.26,229.91,1
356.27,230.73,1
372.45,233.30,1
345.10,230.74,1
358.07,231.05,1
353.98,228.53,1
336.43,227.03,1
351.47,229.45,1
341.60,225.20,1
394.89,235.55,1
335.79,226.42,1
338.43,227.26,1
345.47,228.78,1
312.77,227.51,1
368.27,233.32,1
357.99,234.26,1
334.98,232.81,1
338.26,223.86,1
375.77,235.91,1
359.30,229.73,1
349.79,226.21,1
302.01,221.50,1
345.30,228.25,1
333.37,225.46,1
374.38,231.43,1
326.78,225.01,1
336.64,229.90,1
301.53,225.65,1
348.10,230.36,1
331.94,228.94,1
355.32,228.50,1
336.94,229.09,1
352.04,229.02,1
354.01,231.41,1
315.67,226.59,1
411.12,236.60,1
319.66,224.82,1
364.98,231.48,1
379.21,236.50,1
341.56,228.34,1
327.52,228.71,1
342.55,229.23,1
344.94,230.20,1
329.92,228.40,1
335.45,224.74,1
352.01,231.71,1
343.60,229.90,1
353.05,229.47,1
363.66,228.69,1
353.70,233.89,1
372.83,229.24,1
368.41,227.70,1
363.17,230.42,1
374.58,233.14,1
373.29,231.16,1
378.59,232.63,1
333.24,231.95,1
324.91,226.05,1
335.30,233.86,1
313.89,225.23,1
354.64,229.40,1
380.01,234.38,1
413.59,240.63,1
356.17,226.72,1
338.44,231.13,1
390.18,229.06,1
345.15,231.87,1
376.34,233.37,1
329.56,224.35,1
341.19,227.90,1
350.39,231.39,1
351.88,226.87,1
349.46,231.74,1
313.50,226.24,1
317.46,226.13,1
392.70,233.65,1
356.47,231.35,1
351.13,229.26,1
364.46,231.81,1
361.08,229.91,1
340.87,228.77,1
344.14,229.26,1
351.38,233.18,1
359.59,228.80,1
363.04,229.38,1
354.22,231.13,1
368.57,233.81,1
366.13,231.86,1
357.94,232.86,1
343.07,229.11,1
370.28,229.09,1
349.14,226.91,1
336.83,225.25,1
332.31,230.93,1
339.71,231.30,1
342.13,232.93,1
322.60,230.22,1
351.95,232.71,1
375.22,233.68,1
328.23,228.33,1
330.71,227.36,1
405.01,233.93,1
377.32,231.07,1
321.62,226.24,1
358.00,227.93,1
369.08,231.25,1
355.29,225.47,1
337.75,225.85,1
374.13,236.77,1
417.11,238.02,1
347.66,228.09,1
327.63,228.32,1
374.91,232.76,1
347.71,228.62,1
342.67,232.87,1
346.57,227.57,1
317.29,227.82,1
360.33,228.76,1
348.60,230.02,1
382.42,232.32,1
363.17,234.04,1
323.41,228.60,1
363.00,228.58,1
313.64,224.71,1
403.43,232.64,1
312.26,228.82,1
353.13,227.51,1
366.87,231.16,1
369.33,232.66,1
383.62,233.19,1
321.19,227.04,1
321.08,225.53,1
354.49,229.59,1
350.29,231.35,1
318.67,231.51,1
299.40,225.51,1
368.91,231.66,1
341.75,230.60,1
365.80,229.81,1
321.29,226.02,1
340.06,229.47,1
347.20,229.23,1
347.98,230.84,1
371.06,235.47,1
370.28,235.48,1
386.61,236.15,1
340.69,228.28,1
339.59,232.60,1
369.29,235.88,1
317.20,226.02,1
359.18,231.77,1
336.76,228.70,1
348.79,228.11,1
345.16,234.69,1
361.86,231.41,1
356.00,229.44,1
356.06,228.96,1
371.98,232.16,1
362.16,228.79,1
372.53,233.13,1
357.36,232.28,1
355.73,231.85,1
374.23,234.42,1
362.29,229.08,1
359.14,230.17,1
357.81,233.00,1
356.16,231.79,1
364.16,229.70,1
334.52,232.11,1
373.35,233.03,1
346.96,229.54,1
329.61,227.90,1
324.97,227.80,1
344.14,234.65,1
345.78,226.86,1
354.28,230.58,1
312.67,225.70,1
329.81,227.23,1
343.60,228.78,1
363.31,231.78,1
352.22,228.60,1
360.03,233.94,1
356.11,229.26,1
329.86,228.32,1
341.46,226.31,1
324.91,227.09,1
348.42,229.22,1
354.73,233.98,1
306.28,228.23,1
343.86,233.78,1
350.10,233.09,1
381.54,235.84,1
352.82,229.61,1
356.70,229.47,1
376.74,235.58,1
356.43,229.94,1
374.52,231.44,1
363.64,234.74,1
323.63,231.62,1
341.00,230.84,1
353.81,229.12,1
338.69,230.68,1
318.76,226.48,1
343.35,227.13,1
323.97,227.98,1
352.37,225.70,1
391.37,230.30,1
374.94,232.38,1
347.98,226.93,1
317.58,223.73,1
341.89,231.63,1
383.51,231.14,1
326.68,228.52,1
330.72,229.17,1
365.79,227.11,1
319.79,228.59,1
331.33,226.44,1
352.61,229.18,1
321.34,223.07,1
339.62,234.70,1
347.03,231.27,1
327.37,228.71,1
369.81,231.94,1
330.76,227.08,1
394.89,232.34,1
353.27,231.85,1
347.80,229.01,1
370.65,233.10,1
375.10,233.08,1
350.10,227.03,1
330.99,228.32,1
357.88,233.47,1
392.85,230.02,1
371.72,227.82,1
365.44,230.37,1
368.74,233.22,1
342.16,229.20,1
337.15,229.51,1
375.68,230.27,1
360.60,233.65,1
352.58,230.32,1
311.89,228.39,1
348.66,230.92,1
363.24,226.44,1
352.06,231.26,1
340.45,226.73,1
368.17,229.65,1
352.05,227.54,1
371.92,233.91,1
336.50,228.70,1
345.81,228.60,1
349.75,229.68,1
360.23,232.36,1
367.69,235.29,1
330.61,226.54,1
370.50,235.31,1
332.25,229.51,1
351.28,230.99,1
341.62,225.77,1
365.69,233.51,1
347.61,229.05,1
345.93,230.82,1
331.84,225.38,1
375.49,232.09,1
363.29,234.94,1
359.11,232.81,1
337.61,230.46,1
359.09,232.17,1
320.06,223.21,1
355.04,228.83,1
318.76,224.54,1
352.90,229.73,1
358.91,235.25,1