5.61,-6.63,1
-27.19,1.79,1
-2.78,8.84,1
-0.70,-8.99,1
0.59,-17.19,1
0.45,9.29,1
1.44,-1.87,1
-0.75,-3.72,1
3.90,15.88,1
11.64,4.02,1
9.41,5.58,1
4.61,8.60,1
4.18,-3.58,1
1.30,11.40,1
10.12,22.80,1
-26.02,-12.17,1
-10.79,-1.63,1
1.53,2.86,1
-3.67,16.41,1
20.28,-6.59,1
-0.34,3.18,1
28.89,2.28,1
5.68,-2.54,1
-1.17,-11.47,1
9.65,-2.63,1
8.62,3.01,1
-4.54,-8.36,1
-0.20,10.23,1
1.11,-4.08,1
6.51,-10.84,1
5.24,2.53,1
-0.74,-2.04,1
0.89,-4.21,1
4.95,-3.81,1
-4.91,-5.57,1
-6.47,26.31,1
10.08,14.51,1
-14.47,-6.11,1
-0.53,-9.70,1
0.46,-13.69,1
-12.21,5.61,1
3.28,8.24,1
2.61,-13.47,1
0.58,12.19,1
-10.59,-7.82,1
0.31,13.43,1
-5.10,-7.16,1
-0.68,8.15,1
21.36,-11.45,1
7.58,-6.41,1
5.50,8.95,1
-2.22,8.01,1
2.50,-2.05,1
-3.17,-6.77,1
2.95,9.07,1
-12.31,-21.26,1
-6.87,12.42,1
-11.56,0.78,1
0.14,-13.30,1
-1.40,5.98,1
15.18,7.05,1
-7.06,-1.50,1
1.43,-14.86,1
-19.09,0.85,1
-6.24,-9.02,1
1.21,3.85,1
5.80,7.31,1
-6.41,2.03,1
0.18,6.30,1
10.27,-6.78,1
-0.30,-9.88,1
-7.90,13.42,1
-3.75,-4.32,1
5.81,-2.61,1
10.56,4.48,1
5.87,11.72,1
-15.13,-31.53,1
14.66,-2.85,1
4.55,3.50,1
-14.93,-5.39,1
1.51,-14.62,1
9.56,18.96,1
-5.06,11.42,1
2.97,-0.69,1
-5.50,16.64,1
-12.75,9.18,1
7.60,5.77,1
-12.95,0.81,1
1.43,8.55,1
-11.45,-0.54,1
-2.35,-4.80,1
2.30,-5.22,1
8.99,-20.08,1
4.05,5.81,1
15.27,-11.46,1
1.03,-7.45,1
11.02,3.34,1
-12.56,-6.38,1
21.28,-6.72,1
-0.23,-14.18,1
-15.47,12.70,1
-9.50,-17.21,1
-5.22,-6.56,1
9.56,-9.82,1
-10.84,19.99,1
3.55,23.92,1
-13.19,7.82,1
11.59,15.13,1
-15.17,8.95,1
12.93,1.11,1
-12.48,0.17,1
-3.44,-11.20,1
-3.06,4.15,1
-12.78,6.32,1
6.90,8.14,1
5.47,13.54,1
-2.89,5.98,1
19.35,-6.05,1
-2.58,-7.87,1
0.28,6.50,1
-5.28,-18.38,1
0.25,5.83,1
-8.89,-2.07,1
4.53,-0.04,1
7.86,-8.77,1
2.97,-5.47,1
4.13,2.70,1
-3.37,2.53,1
-1.73,1.78,1
-4.83,14.71,1
-14.43,-3.60,1
-10.77,-5.94,1
-15.33,-8.36,1
-2.12,14.33,1
4.80,1.84,1
4.93,6.08,1
-4.43,-19.37,1
21.81,-3.23,1
-0.62,-5.74,1
-0.16,-16.23,1
1.02,-1.92,1
-6.26,0.40,1
-9.96,-7.41,1
-18.03,-14.20,1
18.64,-0.13,1
1.82,-5.81,1
-0.75,2.18,1
-0.90,-6.32,1
-5.14,-2.94,1
11.76,-2.89,1
-6.00,-3.57,1
11.69,-0.61,1
-17.25,-20.38,1
-19.83,0.56,1
-6.11,12.92,1
-0.01,-5.81,1
-20.17,7.06,1
-2.23,-17.52,1
4.95,0.08,1
-9.29,11.55,1
-7.55,-2.46,1
8.93,-1.29,1
-6.16,-9.63,1
26.26,3.44,1
-6.53,-0.64,1
8.83,6.32,1
-7.76,16.85,1
-14.81,-14.84,1
-15.67,3.78,1
-0.80,-2.75,1
-16.44,-10.00,1
-11.76,-9.38,1
-15.54,11.36,1
-17.06,7.29,1
-6.94,-5.60,1
-9.17,-10.50,1
-10.89,-13.76,1
5.56,13.06,1
8.85,8.01,1
4.85,-2.20,1
8.50,-5.09,1
-0.55,0.24,1
2.44,11.82,1
9.46,-12.13,1
1.23,9.93,1
-9.66,-5.52,1
2.95,3.88,1
5.09,-6.32,1
-17.12,14.76,1
14.00,-11.56,1
-3.12,4.62,1
-16.23,-12.90,1
0.75,4.72,1
3.34,16.83,1
-19.49,-18.11,1
11.51,-15.53,1
-26.27,-4.75,1
22.45,13.76,1
-28.60,20.64,1
5.85,6.29,1
-13.00,-5.82,1
-6.12,-1.19,1
10.12,-10.36,1
5.99,0.20,1
18.44,11.45,1
3.49,11.41,1
-3.51,10.21,1
-1.80,-1.65,1
-3.27,4.81,1
4.12,18.67,1
-3.16,2.07,1
2.52,-3.52,1
5.73,-1.72,1
-10.48,2.94,1
6.50,-15.13,1
-9.50,22.34,1
6.78,-9.99,1
-7.77,13.94,1
-4.16,-12.88,1
3.97,20.96,1
3.72,11.41,1
-9.38,0.68,1
11.77,27.84,1
-19.58,9.64,1
-10.47,-2.65,1
16.50,0.98,1
-12.06,11.73,1
5.25,-22.24,1
2.22,6.13,1
-20.59,8.63,1
-3.30,-1.07,1
12.21,3.26,1
0.22,2.66,1
0.13,1.83,1
-4.01,-20.03,1
-0.36,-9.73,1
-2.89,13.81,1
-6.53,17.88,1
-9.34,-14.44,1
6.90,-12.55,1
8.52,14.35,1
8.81,4.85,1
11.19,20.46,1
-10.27,2.46,1
-14.03,-14.88,1
7.11,4.46,1
16.26,-6.07,1
-2.05,-5.45,1
-7.22,0.08,1
10.85,-10.04,1
-8.46,-4.63,1
8.65,-0.90,1
13.29,-15.78,1
12.43,6.07,1
-10.83,-0.53,1
13.69,-8.55,1
-0.02,9.82,1
9.10,-5.23,1
2.11,0.01,1
-5.05,13.28,1
-12.36,-11.84,1
-3.98,7.22,1
2.23,-13.10,1
1.14,-2.06,1
-1.98,13.08,1
-1.11,-2.01,1
-0.12,-8.20,1
2.62,-7.93,1
4.92,6.57,1
19.05,5.03,1
-9.88,-3.38,1
16.19,-9.33,1
2.29,-12.80,1
-16.04,-2.95,1
-6.68,9.33,1
1.85,-6.32,1
-20.89,9.83,1
-2.16,-1.03,1
9.10,-1.46,1
-4.42,6.37,1
9.48,32.88,1
7.34,-9.18,1
12.45,-1.11,1
4.80,10.03,1
-25.60,-5.99,1
8.06,0.94,1
-10.59,-19.73,1
28.87,-3.76,1
-8.98,12.71,1
-11.31,-7.34,1
7.13,-3.16,1
14.78,-9.93,1
14.67,-9.73,1
-2.50,20.19,1
-26.50,3.53,1
-4.35,5.52,1
8.50,-10.79,1
-12.45,11.06,1
-10.50,-18.60,1
-14.16,-5.34,1
-11.60,8.89,1
-7.32,-6.68,1
-8.06,-2.24,1
7.02,4.73,1
-12.77,13.27,1
-14.38,-0.02,1
-19.38,-9.62,1
14.62,-2.95,1
2.68,21.97,1
-14.16,-1.37,1
8.20,-3.83,1
10.26,-4.23,1
15.00,12.32,1
20.78,-1.79,1
23.22,-3.77,1
7.22,10.73,1
1.71,-18.29,1
9.66,2.07,1
-13.07,2.31,1
-4.86,-5.44,1
-9.92,13.72,1
16.86,10.60,1
6.44,-4.97,1
2.99,2.61,1
-5.38,5.33,1
12.37,7.67,1
-2.73,2.00,1
12.42,-5.97,1
-8.66,-1.11,1
-5.15,-6.02,1
16.80,-5.81,1
3.79,-3.87,1
4.94,5.96,1
5.66,-8.09,1
8.10,9.15,1
0.01,11.49,1
-0.28,-3.21,1
0.52,2.38,1
2.26,-10.85,1
8.67,-0.21,1
-7.73,13.45,1
-3.30,-9.72,1
-5.49,-13.07,1
-4.86,27.86,1
0.66,-2.12,1
-7.02,12.34,1
-4.35,9.28,1
6.84,10.28,1
-6.35,5.10,1
-5.05,10.73,1
1.89,6.06,1
-0.28,2.72,1
-3.53,6.85,1
3.39,0.28,1
11.98,13.92,1
3.83,-6.53,1
3.38,14.05,1
-13.42,-7.55,1
-1.27,-2.31,1
-10.93,-0.11,1
1.36,-2.85,1
2.11,5.14,1
3.70,-3.40,1
0.69,4.50,1
19.51,5.97,1
-15.44,20.55,1
6.88,3.28,1
-21.35,-9.60,1
-13.42,-0.39,1
3.15,-12.57,1
1.57,-1.39,1
-5.51,25.05,1
-11.75,4.37,1
12.70,-9.91,1
-4.65,-0.35,1
4.96,-2.77,1
7.52,-8.89,1
-5.64,-1.49,1
-7.34,1.14,1
-7.19,12.94,1
5.36,8.00,1
11.97,-5.86,1
-10.42,-8.83,1
-5.18,-21.02,1
-7.86,2.61,1
-4.63,2.61,1
-4.50,1.40,1
6.54,-5.65,1
-4.66,18.68,1
-7.16,0.27,1
-11.83,12.17,1
20.48,-17.86,1
-9.96,-3.24,1
-5.45,-3.11,1
6.77,-1.44,1
3.91,3.20,1
8.39,-4.52,1
-5.08,-15.62,1
-0.88,-1.26,1
14.16,1.43,1
8.78,10.67,1
-9.52,29.76,1
3.60,-3.01,1
-15.27,-6.75,1
-7.84,4.11,1
9.76,-3.10,1
8.81,6.31,1
8.26,10.65,1
1.29,-14.30,1
7.53,3.89,1
-13.38,2.94,1
18.91,3.70,1
-11.05,1.33,1
-7.28,8.38,1
-3.80,-4.82,1
5.14,12.45,1
5.37,4.93,1
-2.47,-4.99,1
-13.12,20.20,1
4.31,-6.86,1
-6.36,10.71,1
-0.62,-3.68,1
0.54,2.39,1
-5.38,-3.96,1
-11.83,-0.82,1
-8.46,-0.89,1
10.58,2.97,1
-10.05,3.27,1
-2.82,1.20,1
8.24,14.54,1
3.14,-2.23,1
-12.36,10.04,1
8.12,6.40,1
-10.32,-7.68,1
4.51,-5.42,1
8.02,13.37,1
-15.23,12.40,1
-11.14,7.47,1
3.41,18.60,1
2.31,9.31,1
-10.93,-4.23,1
-2.27,12.63,1
-1.56,-0.77,1
-2.20,-1.68,1
0.32,14.16,1
19.36,15.09,1
2.57,16.48,1
-4.40,-7.80,1
12.34,-13.62,1
0.53,4.22,1
-22.49,-1.95,1
-6.98,33.33,1
7.34,-16.36,1
-8.96,1.52,1
-6.05,-4.06,1
-13.96,7.49,1
7.64,-14.79,1
-5.36,-15.87,1
-6.88,-13.50,1
-8.26,-3.04,1
-8.47,16.10,1
13.72,20.28,1
-1.25,4.45,1
-0.85,-4.46,1
8.95,1.51,1
-15.21,-10.49,1
-2.03,-6.09,1
0.38,-18.35,1
-5.12,-14.93,1
0.04,3.68,1
-3.89,6.72,1
-13.64,1.51,1
1.38,-9.01,1
8.87,-10.57,1
-0.58,-2.78,1
-10.77,14.28,1
-19.18,1.66,1
-1.11,3.16,1
3.51,-15.42,1
-18.75,2.15,1
2.88,15.81,1
7.35,4.29,1
15.94,4.36,1
1.26,-2.58,1
15.63,-21.55,1
-3.46,5.93,1
-1.10,12.44,1
-10.21,6.94,1
-3.11,4.96,1
-12.94,2.29,1
5.17,-1.51,1
6.71,11.60,1
-3.64,-14.04,1
-14.25,5.10,1
7.54,4.61,1
-6.60,5.54,1
-0.83,0.08,1
2.80,-16.29,1
-0.25,4.96,1
4.54,-6.73,1
-0.49,-7.06,1
-0.12,-3.16,1
3.23,-3.46,1
-3.34,-0.81,1
13.20,4.43,1
-20.96,-6.30,1
6.61,3.59,1
11.43,10.28,1
-11.07,2.70,1
-6.06,5.23,1
14.62,-15.92,1
-7.23,3.63,1
-12.35,3.37,1
11.75,-3.06,1
11.21,-3.53,1
-8.56,12.21,1
-14.73,-16.74,1
-3.99,-15.50,1
0.92,2.09,1
-13.20,6.37,1
-23.80,10.59,1
-7.58,1.11,1
1.89,-2.24,1
19.27,2.17,1
-7.24,1.94,1
2.17,0.95,1
-4.29,18.92,1
-9.21,-5.31,1
-7.08,-2.96,1
9.33,-3.63,1
-4.62,-10.72,1
9.41,-4.07,1
-4.36,4.93,1
0.33,2.35,1
15.85,-5.78,1
-5.66,4.96,1
12.52,5.39,1
-2.19,0.99,1
-9.53,-3.40,1
-6.35,16.61,1
14.13,5.28,1
-3.63,-0.59,1
21.05,0.86,1
-6.23,0.13,1
2.90,-25.12,1
2.61,-3.97,1
14.96,11.93,1
-6.86,10.46,1
-15.72,0.75,1
-9.65,14.56,1
-5.11,13.74,1
6.73,-15.75,1
6.62,-21.63,1
-14.34,-16.14,1
9.01,3.35,1
23.93,12.37,1
17.48,-6.68,1
11.53,1.44,1
5.43,-7.22,1
5.52,-13.73,1
-2.94,-0.24,1
-0.50,3.86,1
2.41,13.05,1
-4.31,8.93,1
-1.63,-5.23,1
-23.80,4.38,1
10.57,-2.96,1
12.11,1.53,1
4.17,9.51,1
-3.45,11.36,1
-8.09,8.47,1
-7.52,15.16,1
-16.00,1.75,1
2.24,6.45,1
1.83,-6.62,1
10.91,14.33,1
13.76,-9.10,1
0.69,0.25,1
12.08,-6.22,1
7.02,-10.69,1
3.15,2.92,1
6.52,-7.98,1
-7.27,-0.51,1
-7.16,5.32,1
-9.90,-9.30,1
3.81,-4.81,1
-0.88,-1.96,1
11.35,-9.75,1
12.84,-7.92,1
12.16,7.70,1
0.56,3.24,1
2.17,11.10,1
0.25,7.37,1
15.65,-3.67,1
12.69,-3.54,1
-11.79,2.32,1
-3.43,-5.36,1
1.37,3.72,1
12.09,6.02,1
-7.58,4.23,1
-1.60,-2.52,1
3.50,-1.02,1
10.32,6.00,1
-0.00,7.02,1
-11.14,-2.10,1
-11.37,-9.77,1
-0.75,-11.38,1
1.96,-9.48,1
5.50,3.42,1
0.04,-0.17,1
-10.14,17.30,1
-5.10,-4.06,1
14.82,-5.99,1
2.92,4.43,1
14.53,9.07,1
8.47,-0.84,1
-0.66,10.48,1
-4.22,-14.17,1
9.62,2.25,1
-2.13,-9.51,1
-15.83,-1.01,1
-3.58,3.95,1
-0.69,-10.54,1
-0.68,-8.49,1
7.38,3.94,1
-4.20,11.86,1
14.96,-19.59,1
9.02,7.53,1
6.87,0.26,1
13.20,-4.64,1
-0.35,-10.66,1
-4.35,10.45,1
-1.78,-11.52,1
-18.73,7.48,1
5.76,-11.21,1
-2.09,-7.41,1
10.21,-6.83,1
-9.32,-6.76,1
4.77,-10.12,1
-17.29,-13.17,1
-14.75,-6.82,1
17.36,20.66,1
-5.55,-8.30,1
2.41,12.40,1
9.22,-2.87,1
7.18,-11.05,1
9.63,2.76,1
17.00,-1.26,1
2.30,14.82,1
8.95,-4.21,1
10.65,4.73,1
0.39,-5.99,1
-15.98,5.26,1
1.04,4.72,1
-3.19,-0.14,1
-12.09,0.74,1
6.76,7.22,1
-18.24,-5.11,1
7.17,-5.21,1
-14.37,-5.48,1
-10.20,10.45,1
1.20,16.08,1
-2.20,-4.46,1
1.69,-1.13,1
10.57,2.77,1
-9.34,9.92,1
-5.35,-12.88,1
8.18,5.30,1
-6.35,17.33,1
4.56,-10.17,1
14.50,-6.33,1
19.90,7.99,1
26.73,0.06,1
2.26,-2.03,1
-2.24,0.52,1
-16.85,-5.65,1
7.76,3.16,1
7.79,-5.88,1
-6.96,-9.17,1
-2.05,-2.22,1
11.40,3.01,1
12.21,-8.29,1
-8.71,13.14,1
4.24,-16.24,1
10.34,-4.05,1
-0.42,1.74,1
-3.26,-1.75,1
-5.14,20.48,1
28.81,0.49,1
4.17,4.29,1
1.39,-6.65,1
10.80,-7.21,1
-15.04,-1.08,1
-12.54,-0.77,1
-8.39,-3.66,1
-1.91,-9.12,1
-9.05,-5.23,1
10.80,-1.52,1
-2.49,-9.82,1
2.63,-4.85,1
-21.22,-0.29,1
-5.44,6.26,1
7.71,1.42,1
-4.99,7.11,1
13.87,18.61,1
19.62,-0.49,1
-5.09,11.41,1
4.21,-4.99,1
-9.72,10.44,1
10.11,-5.29,1
7.25,10.26,1
-0.07,-1.00,1
-4.65,8.04,1
23.71,3.93,1
-3.54,19.71,1
-5.32,-5.21,1
0.47,1.43,1
8.39,11.46,1
-1.93,-5.56,1
-6.89,-17.66,1
-6.66,-12.13,1
12.86,18.11,1
1.11,1.62,1
5.37,-7.50,1
9.19,-13.07,1
5.50,-6.80,1
-11.51,8.89,1
9.02,2.70,1
9.70,15.64,1
-18.23,-13.78,1
-1.81,5.19,1
-2.03,15.06,1
1.83,-17.06,1
-1.23,-0.22,1
1.04,-0.94,1
1.02,3.53,1
11.22,-24.57,1
-8.66,6.15,1
-1.16,-1.72,1
2.65,4.23,1
-17.44,-12.90,1
-3.88,6.65,1
-0.25,6.01,1
5.02,-1.73,1
10.35,19.17,1
-8.00,8.78,1
3.67,-2.52,1
10.18,-13.70,1
1.37,-5.17,1
-9.96,-2.45,1
1.62,-7.17,1
11.05,-6.16,1
6.74,-2.76,1
1.59,-13.23,1
13.62,-4.93,1
-3.13,6.41,1
12.19,-6.16,1
-16.61,-16.42,1
-10.52,12.26,1
-10.31,-4.84,1
10.48,-13.31,1
0.96,13.22,1
-7.94,14.87,1
6.56,2.92,1
3.28,5.89,1
-23.99,-0.43,1
5.07,-5.52,1
-1.93,8.04,1
-0.70,-7.33,1
-3.33,3.62,1
-5.64,5.92,1
16.65,1.02,1
-9.25,6.75,1
11.29,-8.44,1
-10.37,-6.32,1
5.57,-5.03,1
-1.70,8.00,1
-9.01,-1.23,1
-4.34,-2.33,1
-2.32,3.10,1
2.72,-3.73,1
12.46,2.78,1
18.44,-6.34,1
-5.13,7.37,1
4.70,-16.28,1
8.87,-13.68,1
-14.40,16.92,1
-7.29,4.88,1
5.06,4.96,1
8.20,-7.86,1
6.25,2.33,1
3.86,5.88,1
-1.26,8.07,1
2.12,5.80,1
3.00,-6.75,1
-12.22,-5.33,1
-17.94,-0.75,1
-11.94,3.44,1
-0.71,-10.21,1
6.84,-1.93,1
-3.23,-8.17,1
8.56,12.35,1
-13.08,-2.54,1
-15.81,7.05,1
-2.50,-0.10,1
4.02,-2.52,1
-5.07,9.39,1
6.56,9.28,1
-3.29,9.05,1
16.99,-2.68,1
-3.54,6.83,1
2.84,4.09,1
-0.35,0.96,1
0.01,5.85,1
-8.44,-12.88,1
4.64,-6.69,1
-28.77,-5.19,1
-2.69,18.92,1
6.68,-13.88,1
6.66,-8.90,1
1.54,-2.52,1
23.85,12.66,1
-8.88,-13.30,1
1.71,-2.95,1
-3.72,10.70,1
-2.43,1.61,1
-1.01,-8.89,1
-3.64,4.12,1
10.52,-5.89,1
-3.76,-12.91,1
15.57,-5.74,1
-10.88,-4.64,1
-10.42,6.42,1
-4.10,-4.24,1
-3.15,-4.03,1
11.99,7.93,1
-16.99,-3.78,1
9.90,3.03,1
-3.61,3.49,1
-5.16,-16.28,1
3.00,-12.72,1
-7.72,-0.49,1
-5.98,22.61,1
-8.46,1.61,1
15.77,2.58,1
-7.89,5.54,1
6.12,11.07,1
-15.97,-1.90,1
9.58,-1.81,1
4.51,21.12,1
-1.39,10.05,1
8.88,-6.54,1
6.12,-9.38,1
-2.96,-1.62,1
-9.61,14.94,1
3.12,-0.67,1
-20.15,-3.00,1
-10.98,-4.55,1
3.18,-4.96,1
12.00,-3.24,1
0.95,17.53,1
-2.70,-12.75,1
-8.56,-13.42,1
-12.05,-9.29,1
-18.02,-1.07,1
-1.83,1.74,1
5.86,-5.93,1
5.48,-9.84,1
10.90,-27.90,1
-9.83,-3.34,1
-3.14,-5.94,1
12.64,-1.09,1
-10.56,1.62,1
-9.14,1.41,1
-17.21,-9.32,1
-21.00,-1.78,1
11.09,18.77,1
5.72,-16.77,1
7.36,-0.28,1
-6.35,-11.41,1
-9.16,-1.12,1
14.75,7.85,1
-5.06,1.74,1
-6.10,-8.42,1
-24.30,1.22,1
4.05,13.93,1
-1.61,5.50,1
8.95,4.42,1
7.13,-16.70,1
14.23,-7.01,1
13.09,-5.87,1
15.44,-18.96,1
4.72,5.44,1
24.27,-17.17,1
0.46,-4.55,1
3.38,18.83,1
-8.06,-1.69,1
-27.55,-5.02,1
6.61,0.77,1
-8.93,9.35,1
-18.89,-22.07,1
-6.54,15.76,1
-3.24,-10.67,1
-16.73,-9.47,1
11.53,-2.01,1
1.01,5.46,1
-7.55,1.06,1
6.60,-10.31,1
4.43,-0.97,1
-11.44,5.71,1
-8.15,-6.03,1
-8.84,10.01,1
-10.24,-7.46,1
7.24,-2.28,1
14.44,13.91,1
-7.44,-2.46,1
7.84,22.07,1
8.33,6.70,1
-1.19,9.09,1
-3.15,6.54,1
13.18,-13.88,1
-5.32,-11.36,1
3.10,16.52,1
6.50,-11.59,1
8.66,-9.55,1
-4.85,6.82,1
20.69,0.23,1
16.12,13.83,1
-6.80,-0.55,1
-9.81,-8.68,1
-2.66,-0.23,1
-1.91,11.39,1
-0.56,7.06,1
10.18,-5.58,1
-7.46,-7.15,1
3.01,-10.81,1
-8.43,-12.27,1
7.19,-11.14,1
-4.30,-15.92,1
-5.34,-7.66,1
-2.56,9.75,1
2.74,-0.70,1
-2.90,-1.00,1
-18.81,4.34,1
1.83,11.04,1
-14.38,2.11,1
-9.36,9.25,1
-10.98,16.43,1
15.80,11.68,1
-10.08,-12.41,1
-9.98,12.61,1
-29.12,2.99,1
6.71,16.70,1
11.12,-9.92,1
8.38,3.41,1
10.23,2.94,1
-8.84,-0.46,1
-6.54,-8.74,1
3.37,14.48,1
-6.32,0.56,1
-8.04,10.71,1
-4.43,-5.89,1
-9.69,-10.14,1
-10.70,14.23,1
5.36,7.89,1
-9.50,-15.05,1
9.82,16.19,1
0.45,4.63,1
16.47,-3.41,1
10.54,-19.20,1
14.18,5.97,1
-0.03,-12.75,1
-12.91,-3.23,1
7.78,4.04,1
8.49,-11.40,1
-17.95,0.12,1
2.69,7.81,1
0.43,1.45,1
-2.42,-22.97,1
21.68,-19.13,1
-1.60,3.07,1
-8.51,-12.46,1
-6.87,3.37,1
19.42,24.56,1
-13.90,5.43,1
4.53,-6.21,1
-5.34,12.21,1
11.63,1.37,1
11.21,1.07,1
-2.96,-1.43,1
-5.33,8.79,1
12.06,6.22,1
19.10,5.61,1
-13.84,1.53,1
-3.29,-11.14,1
9.40,20.53,1
23.28,16.94,1
-5.88,-0.67,1
-15.81,6.96,1
14.55,-1.34,1
-8.55,2.14,1
18.28,12.37,1
-5.32,15.99,1
2.40,10.19,1
-17.24,7.54,1
8.56,4.31,1
2.55,-7.05,1
-18.52,-4.31,1
2.36,-22.78,1
-7.98,-0.83,1
5.26,2.91,1
2.02,3.19,1
-7.07,-0.31,1
10.84,-6.18,1
-1.01,-8.61,1
-2.91,-3.12,1
5.71,-8.74,1
2.84,-17.59,1
8.94,6.82,1
16.24,3.71,1
12.76,14.85,1
4.01,0.30,1
7.53,3.27,1
20.46,6.35,1
7.12,19.68,1
-1.69,-7.23,1
6.53,-7.84,1
12.79,12.56,1
-20.41,11.06,1
-7.05,5.06,1
3.88,-8.58,1
-23.53,20.48,1
3.12,3.63,1
-5.29,-0.58,1
-1.12,3.90,1
3.19,-6.44,1
-1.36,16.32,1
0.47,-2.79,1
12.16,8.83,1
7.18,-5.42,1
-2.26,-16.20,1
-0.83,-13.93,1
2.03,4.56,1
-5.05,7.29,1
-6.47,10.84,1
-1.63,5.83,1
11.17,14.37,1
-9.48,-2.36,1
-4.10,-0.88,1
-25.34,-30.83,1
-2.23,-14.84,1
5.40,9.38,1
15.43,12.98,1
13.98,8.65,1
3.90,9.05,1
7.39,-1.25,1
11.97,6.19,1
14.75,6.77,1
6.52,9.59,1
-5.06,-10.53,1
-3.86,2.96,1
-1.16,9.53,1
-0.03,-0.89,1
-2.98,-13.23,1
17.44,-5.85,1
-9.90,-10.03,1
5.04,17.03,1
-19.65,-10.34,1
3.56,1.62,1
1.84,20.65,1
-14.79,-4.67,1
1.18,-6.76,1
13.01,-14.11,1
8.81,-6.76,1
-25.04,0.83,1
-0.06,6.60,1
-4.63,23.31,1
-2.43,-1.46,1
-7.30,-0.39,1
-5.99,-20.72,1
-9.54,5.60,1
-17.32,2.11,1
-0.02,-16.10,1
-2.64,-10.32,1
11.08,9.70,1
-10.04,-1.06,1
-4.89,19.60,1
-0.84,3.37,1
-4.92,-25.01,1
-11.01,-4.71,1
-26.63,16.98,1
0.05,4.01,1
-0.74,-13.72,1
14.61,7.65,1
4.26,-12.47,1
10.58,6.83,1
-18.53,1.90,1
-17.50,0.86,1
-5.59,-4.78,1
4.65,9.86,1
5.81,-4.77,1
-4.29,1.13,1
14.11,4.44,1
10.04,0.07,1
-2.91,-2.28,1
-11.05,-18.77,1
-13.90,-5.25,1
-2.98,-30.94,1
15.94,3.84,1
5.12,-8.03,1
19.73,-2.42,1
-6.41,5.71,1
-1.74,14.79,1
3.27,-10.37,1
5.08,11.82,1
-4.66,19.97,1
-3.04,-1.03,1
7.44,18.55,1
12.77,4.49,1
-10.36,-7.49,1
8.22,13.68,1
-7.01,-9.54,1
-7.07,1.73,1
3.50,-11.33,1
-4.90,8.33,1
12.80,1.80,1
-8.14,-6.82,1
-17.74,-1.13,1
-16.97,3.44,1
16.81,9.81,1
-1.94,1.51,1
-14.43,-14.81,1
12.39,-5.69,1
-11.88,-2.34,1
-3.68,-0.09,1
21.71,24.81,1
-6.82,-4.21,1
14.60,11.28,1
7.96,1.39,1
5.86,7.89,1
3.44,6.94,1
1.33,-2.79,1
10.20,4.19,1
-2.15,4.85,1
11.64,-4.41,1
-19.92,0.39,1
-3.85,-1.02,1
18.98,-1.02,1
9.57,4.00,1
-0.12,11.36,1
-4.35,-0.45,1
-6.62,1.18,1
-11.11,-16.44,1
-2.67,19.60,1
4.77,-7.36,1
5.11,-17.73,1
-7.08,-2.81,1
5.75,-13.55,1
-5.51,2.95,1
10.33,-2.82,1
15.30,5.95,1
18.74,-6.97,1
11.24,6.11,1
2.18,10.33,1
-21.49,-5.71,1
3.87,-1.62,1
11.08,1.71,1
-2.97,-1.11,1
4.05,4.71,1
-22.40,8.04,1
4.47,-6.21,1
1.52,-17.88,1
15.29,10.75,1
12.54,-2.66,1
-5.97,9.86,1
8.61,16.05,1
-6.76,14.94,1
-2.14,16.37,1
1.97,-2.94,1
-6.58,0.67,1
12.59,9.90,1
12.75,-3.26,1
7.32,-18.93,1
2.15,-19.88,1
4.07,-4.83,1
-8.46,3.31,1
-2.05,18.48,1
2.76,9.05,1
4.32,-2.06,1
-10.66,-11.08,1
-0.02,3.04,1
-8.99,-5.84,1
20.84,21.43,1
11.73,9.47,1
-10.23,0.77,1
7.90,-0.03,1
-11.90,1.83,1
5.63,-4.68,1
0.39,-2.62,1
-6.46,3.43,1
-12.72,-9.09,1
2.25,6.16,1
18.30,3.15,1
1.72,-10.82,1
-5.49,-20.60,1
-3.75,-0.40,1
-6.55,-3.38,1
-1.64,-3.69,1
1.37,-12.75,1
-5.45,-18.28,1
-3.93,-3.64,1
-1.49,18.91,1
-1.14,-20.76,1
7.05,-6.18,1
1.48,0.46,1
-11.22,-4.16,1
-0.99,-26.79,1
11.34,0.95,1
16.38,7.16,1
17.58,4.52,1
3.48,-9.36,1
-10.22,-7.70,1
-10.90,4.03,1
15.19,17.01,1
-2.53,0.85,1
-3.81,20.87,1
21.69,-10.13,1
1.46,11.18,1
2.45,-1.38,1
-8.67,3.56,1
-23.95,-11.28,1
-7.48,-0.68,1
15.89,0.69,1
7.25,-15.83,1
9.46,-4.93,1
0.68,-14.41,1
7.30,-14.43,1
-6.50,2.01,1
-1.43,24.14,1
5.30,-4.82,1
19.33,0.82,1
5.67,6.04,1
8.41,5.59,1
-5.86,13.56,1
8.08,-18.62,1
-10.27,-18.42,1
-3.55,-4.97,1
12.42,13.78,1
1.06,-2.87,1
7.32,4.45,1
0.79,7.47,1
-17.77,17.11,1
-5.90,-12.25,1
1.28,5.03,1
-3.90,3.87,1
-5.49,-7.62,1
7.28,3.63,1
-10.10,-7.44,1
-4.15,6.29,1
4.09,-10.66,1
-0.89,-3.12,1
-0.74,5.59,1
-14.96,-12.71,1
9.92,2.38,1
-4.28,-16.61,1
-6.41,-1.91,1
14.53,0.95,1
18.65,-12.62,1
21.13,2.46,1
6.70,-18.42,1
10.63,9.35,1
8.50,2.25,1
-9.06,9.32,1
2.95,-3.25,1
6.06,2.94,1
8.22,-5.67,1
0.47,-1.59,1
-9.75,-9.97,1
-7.50,-22.42,1
4.28,4.44,1
11.18,-9.05,1
-17.38,6.96,1
0.82,13.41,1
17.93,-12.70,1
-0.87,2.14,1
2.49,-4.10,1
-22.67,-25.27,1
25.21,-6.83,1
-4.46,-6.34,1
13.14,1.16,1
6.78,4.29,1
8.26,2.07,1
-4.03,19.13,1
-0.00,20.24,1
1.18,5.83,1
-10.26,-17.17,1
2.52,-7.31,1
-2.97,12.67,1
-0.35,6.07,1
-13.87,-1.23,1
-8.57,-14.35,1
-1.42,9.47,1
14.19,19.39,1
-21.24,10.41,1
2.93,-15.72,1
-11.38,12.95,1
-0.81,-4.91,1
3.60,-17.92,1
-1.73,12.68,1
2.93,1.21,1
-6.39,-11.97,1
-20.48,17.54,1
-20.74,15.69,1
-13.52,5.56,1
-10.46,-1.31,1
13.30,0.07,1
18.34,9.92,1
1.44,11.21,1
3.38,10.92,1
-7.06,9.90,1
1.24,4.01,1
-20.40,-19.85,1
-4.07,9.31,1
15.78,-5.57,1
-3.02,3.96,1
5.89,6.88,1
3.67,2.43,1
3.95,4.97,1
21.78,-9.50,1
11.93,-2.68,1
-9.39,18.25,1
-3.28,7.60,1
-0.40,8.81,1
-0.37,2.75,1
-7.18,11.97,1
-13.05,-1.51,1
12.47,0.51,1
6.31,-13.08,1
-7.91,10.29,1
-13.78,-1.68,1
3.50,2.31,1
-11.02,-10.69,1
1.41,8.42,1
0.55,-17.48,1
6.75,-11.07,1
-8.43,-4.75,1
20.11,-9.66,1
10.36,-2.11,1
0.51,2.36,1
15.05,-8.25,1
4.07,0.37,1
8.88,4.68,1
7.09,-9.30,1
-6.02,10.02,1
6.50,-15.72,1
12.87,9.15,1
0.03,0.51,1
2.27,-4.42,1
8.32,9.14,1
-3.12,-10.90,1
-2.51,-17.43,1
13.58,-7.08,1
-14.76,0.74,1
-1.40,-3.79,1
8.97,2.19,1
-21.69,8.31,1
-6.99,-5.20,1
-2.87,-8.37,1
-17.54,-6.91,1
6.69,-4.38,1
-7.60,-3.23,1
12.28,-6.12,1
-6.06,6.49,1
-5.24,12.91,1
6.75,-5.79,1
8.37,-10.41,1
-11.30,1.13,1
-8.67,9.50,1
-5.32,-16.75,1
-2.42,-4.32,1
8.02,5.64,1
2.89,3.24,1
-2.77,7.76,1
-1.33,-8.41,1
6.37,7.44,1
-24.77,3.22,1
7.53,-7.75,1
-0.43,-2.28,1
-7.20,17.05,1
2.05,3.79,1
-0.22,0.00,1
2.35,4.08,1
10.09,-7.92,1
10.76,-12.52,1
-16.07,0.97,1
-20.01,11.70,1
-9.05,-3.03,1
-3.19,-13.43,1
-2.39,-16.75,1
8.32,-2.87,1
-3.37,9.68,1
3.72,-6.87,1
-15.11,-6.86,1
-7.42,1.38,1
-25.89,6.79,1
-15.48,-1.15,1
-2.48,7.74,1
-4.52,3.23,1
-12.21,4.02,1
-8.87,1.62,1
5.95,4.15,1
9.18,-2.62,1
-9.81,13.74,1
-2.70,10.09,1
14.08,4.60,1
10.85,-2.30,1
3.07,-0.77,1
4.93,4.92,1
-20.97,-6.10,1
0.47,5.69,1
-11.92,-17.91,1
-0.63,10.95,1
5.43,-3.28,1
0.45,11.36,1
4.27,-3.15,1
18.44,-8.53,1
-8.11,5.98,1
15.68,6.06,1
6.92,-6.52,1
-1.22,-6.71,1
2.07,-6.15,1
-0.40,22.03,1
-1.30,-11.99,1
1.02,4.61,1
4.72,2.01,1
5.67,-4.66,1
-2.63,-15.96,1
-2.56,-2.60,1
-12.73,-2.51,1
11.83,7.81,1
-3.12,-4.28,1
0.90,-8.35,1
-5.69,8.05,1
-1.91,-3.51,1
2.43,-12.19,1
-8.03,-1.37,1
-6.51,-0.48,1
8.64,-4.91,1
-11.89,10.31,1
-1.75,-0.42,1
-1.33,10.57,1
2.74,-3.11,1
-8.26,-5.51,1
-3.22,-4.82,1
10.39,11.36,1
5.60,8.83,1
10.26,3.12,1
-5.15,-8.93,1
-7.47,2.46,1
6.55,10.93,1
-5.25,8.86,1
7.01,-14.66,1
0.43,10.96,1
-15.26,-3.03,1
0.28,0.80,1
3.24,-12.43,1
-4.15,-4.75,1
7.98,-1.41,1
-2.16,2.17,1
14.12,-15.55,1
2.56,9.11,1
4.31,10.15,1
-21.00,8.57,1
-0.88,13.02,1
-6.00,-5.25,1
-8.49,12.12,1
-3.99,-11.57,1
-5.82,11.76,1
-4.79,-0.66,1
-8.49,17.34,1
11.27,17.24,1
-12.32,1.49,1
1.26,20.61,1
9.55,-14.32,1
3.68,14.94,1
12.65,5.97,1
-20.38,-5.91,1
-8.70,-10.50,1
30.68,-0.24,1
3.30,-5.34,1
-6.99,0.68,1
-2.38,2.99,1
-10.33,-6.21,1
-11.51,-0.11,1
-1.98,10.98,1
9.55,20.13,1
-6.20,-1.66,1
-5.38,0.21,1
-0.41,3.88,1
1.90,14.51,1
1.02,-15.82,1
3.08,-23.03,1
-7.81,-5.48,1
-22.10,-25.70,1
-17.23,-11.97,1
-5.56,-15.59,1
-18.23,10.46,1
4.42,-10.03,1
-13.18,11.15,1
22.15,0.72,1
-8.34,4.14,1
6.56,-10.39,1
3.81,6.33,1
-6.74,2.38,1
5.94,1.08,1
5.56,15.87,1
-16.01,-14.31,1
8.04,12.96,1
5.97,-12.67,1
5.60,-5.29,1
-9.80,-6.28,1
9.98,3.68,1
-10.57,6.52,1
-1.61,7.15,1
17.57,-2.95,1
-8.89,5.19,1
3.91,2.05,1
-7.17,-20.06,1
-7.75,9.40,1
-6.56,3.23,1
-6.59,19.68,1
16.82,-8.83,1
-10.35,-1.55,1
-5.03,10.45,1
-11.78,16.30,1
1.68,-10.48,1
12.31,-0.33,1
-4.40,-19.42,1
7.59,5.36,1
-4.42,-1.73,1
0.63,16.32,1
-0.25,-1.86,1
24.10,5.12,1
-3.64,-2.42,1
8.88,-5.74,1
-20.23,-11.95,1
-10.26,-8.90,1
-5.90,7.71,1
-6.94,-19.83,1
-7.00,7.99,1
0.37,10.62,1
17.77,-17.08,1
-0.34,-9.84,1
-7.85,-6.85,1
-6.89,1.35,1
2.87,-17.14,1
-11.95,24.76,1
4.19,0.33,1
-2.40,0.58,1
16.19,6.02,1
-2.78,-3.46,1
2.05,-5.23,1
8.55,13.16,1
3.49,-8.29,1
-8.34,-14.75,1
-9.84,-4.76,1
-2.85,1.24,1
-10.87,24.83,1
-3.58,-9.40,1
1.13,-4.17,1
9.34,-3.04,1
0.38,2.82,1
-0.22,-1.13,1
-19.31,-2.82,1
-6.46,-11.88,1
-8.41,-9.20,1
11.88,-1.51,1
-15.40,-11.36,1
15.05,-14.95,1
-8.86,-2.84,1
-12.76,21.67,1
-13.51,2.67,1
3.54,8.64,1
19.34,-1.88,1
-4.36,3.27,1
-1.54,2.58,1
3.49,5.94,1
26.21,7.68,1
0.41,12.00,1
-9.52,-11.51,1
-7.29,25.10,1
7.55,-1.08,1
-11.28,-3.91,1
-3.03,2.07,1
5.57,-5.73,1
-18.45,-26.69,1
-7.40,2.74,1
-0.23,-7.42,1
-5.26,-10.09,1
-7.53,6.36,1
16.96,1.35,1
-11.20,-9.18,1
-1.67,1.51,1
-12.16,-3.31,1
-15.99,-8.20,1
15.68,24.25,1
9.46,-18.83,1
3.06,4.55,1
-0.07,-9.67,1
-5.42,10.31,1
6.81,-9.86,1
2.84,1.90,1
10.14,-11.78,1
-0.83,-2.66,1
-8.98,8.67,1
0.32,0.43,1
-11.49,-9.22,1
-1.97,-5.91,1
-10.63,10.21,1
-13.64,10.62,1
-5.74,-13.07,1
18.39,3.12,1
-8.07,-3.51,1
3.48,1.60,1
-1.69,2.35,1
17.61,19.28,1
9.69,-1.91,1
-9.15,-22.39,1
0.65,2.77,1
-6.60,7.44,1
-1.92,-1.59,1
-7.40,-18.47,1
-8.85,3.07,1
-1.51,7.70,1
-19.25,-9.95,1
-6.90,-0.24,1
4.51,-25.20,1
5.65,2.53,1
1.85,-11.09,1
23.05,-2.16,1
21.72,10.85,1
-4.72,-2.36,1
8.72,8.84,1
3.69,7.55,1
8.81,4.43,1
8.21,-1.04,1
-2.22,-6.19,1
11.09,-5.78,1
-18.09,20.47,1
-11.34,-3.41,1
-4.82,-13.89,1
-2.54,11.15,1
-15.24,-17.00,1
1.58,3.09,1
12.58,3.06,1
4.40,3.25,1
-0.08,11.57,1
2.78,12.19,1
-14.73,7.18,1
-3.48,11.38,1
2.09,6.92,1
-11.49,4.89,1
-6.80,-7.18,1
6.64,-3.05,1
-11.49,-12.52,1
-11.16,15.65,1
-10.05,11.69,1
7.08,13.86,1
-0.34,-12.79,1
-4.04,0.68,1
0.38,5.32,1
0.35,-2.76,1
-7.69,2.40,1
-2.24,5.77,1
7.66,-16.14,1
-9.54,-0.33,1
15.12,1.72,1
-9.33,-10.63,1
-11.50,-9.74,1
7.73,-1.30,1
1.37,2.61,1
11.20,1.96,1
-2.59,1.76,1
-15.47,-5.31,1
-12.91,-3.42,1
3.52,1.58,1
11.16,-2.92,1
9.10,15.02,1
12.21,-11.32,1
10.22,16.00,1
12.22,-14.89,1
11.14,-6.43,1
-15.94,-15.20,1
7.93,-4.13,1
1.21,1.62,1
-1.47,3.48,1
6.49,-2.00,1
2.11,9.03,1
2.45,-1.66,1
-5.43,5.84,1
1.75,-9.64,1
14.48,12.95,1
11.29,-9.02,1
20.60,11.09,1
4.04,-10.89,1
-2.67,-8.65,1
-1.98,-3.73,1
-10.58,9.60,1
-0.58,-16.32,1
-3.68,-7.65,1
0.37,5.33,1
5.01,-5.42,1
10.77,-6.32,1
-4.66,-8.13,1
1.28,6.28,1
8.73,0.98,1
5.37,-7.70,1
7.25,-1.21,1
-8.28,0.22,1
8.14,7.45,1
12.18,-15.53,1
-14.57,5.00,1
-2.90,-11.57,1
-11.36,10.18,1
-15.62,3.08,1
-11.21,-2.52,1
-6.40,-0.76,1
-7.49,1.82,1
-36.08,3.05,1
12.20,0.04,1
3.42,1.12,1
9.09,-5.80,1
-19.10,-0.57,1
-3.70,-12.34,1
0.61,-8.16,1
-0.89,10.45,1
6.34,12.23,1
-5.66,-8.23,1
-4.18,-9.85,1
-6.70,5.36,1
-9.64,-8.75,1
-9.07,-2.65,1
13.05,19.57,1
9.12,-3.38,1
10.75,-16.62,1
12.98,2.10,1
6.84,0.80,1
3.85,18.61,1
-5.59,-14.29,1
-12.26,4.53,1
0.42,4.65,1
6.27,-16.99,1
-6.03,-10.77,1
2.06,6.88,1
3.54,-19.01,1
-10.00,11.53,1
-4.50,3.64,1
-11.43,-4.34,1
4.92,-4.16,1
-0.90,-15.79,1
-16.05,0.24,1
-20.30,-15.53,1
-0.06,8.09,1
-5.30,-15.73,1
6.42,-16.93,1
-0.74,7.55,1
3.04,-8.26,1
-1.23,18.21,1
4.17,1.56,1
7.53,3.36,1
-8.85,2.77,1
5.47,23.12,1
-6.25,-10.25,1
11.24,10.72,1
-15.76,23.23,1
5.29,-7.68,1
-1.96,2.29,1
18.16,-5.53,1
-5.57,4.80,1
7.14,14.63,1
-15.92,1.27,1
-0.19,-7.56,1
-0.44,12.07,1
-5.00,-8.49,1
-8.79,5.25,1
-18.21,2.30,1
21.72,6.37,1
3.43,-2.20,1
-12.93,-17.46,1
6.70,-14.31,1
-10.11,6.98,1
11.63,17.54,1
-1.81,-6.25,1
-4.05,-0.86,1
1.31,-5.74,1
5.90,4.62,1
7.02,2.09,1
10.82,-3.82,1
0.75,-6.62,1
-0.70,7.67,1
-8.27,-2.96,1
11.42,-1.17,1
-10.64,-8.14,1
4.46,-1.76,1
4.71,-14.93,1
-7.64,-9.65,1
24.44,3.10,1
18.56,-4.62,1
1.97,13.90,1
3.66,-12.12,1
-0.20,-2.87,1
0.02,2.34,1
13.36,-8.54,1
-4.93,7.37,1
12.39,-26.90,1
-3.50,10.09,1
-6.10,-16.91,1
7.22,-6.13,1
-25.49,-5.91,1
-14.37,0.32,1
-5.42,-17.48,1
-4.01,-3.52,1
15.51,-9.08,1
-18.37,-8.60,1
-2.96,13.22,1
9.53,-8.93,1
8.76,-15.55,1
-11.56,0.55,1
0.67,-2.90,1
2.59,2.13,1
-2.98,-3.00,1
24.34,10.90,1
0.90,2.60,1
-8.33,-9.12,1
5.29,-9.40,1
-12.47,-6.66,1
14.17,12.06,1
11.19,2.92,1
3.84,1.65,1
-9.36,-8.47,1
-7.71,-16.44,1
9.21,25.20,1
15.59,-14.76,1
-7.80,-7.02,1
14.03,3.66,1
-3.90,7.92,1
-3.27,-6.41,1
0.23,4.47,1
3.77,-4.02,1
-5.38,1.87,1
1.02,5.40,1
-34.69,-0.97,1
-15.01,1.27,1
5.96,-7.84,1
-7.86,2.65,1
-4.42,1.36,1
-7.66,8.34,1
0.42,21.28,1
6.33,-17.40,1
0.98,4.70,1
4.43,-14.67,1
-17.65,1.55,1
-13.38,6.22,1
5.78,-8.70,1
-5.28,-3.25,1
7.97,17.17,1
2.68,-9.58,1
-6.12,-6.84,1
10.81,-2.21,1
10.71,1.20,1
2.15,5.51,1
-9.27,4.27,1
-3.87,-3.96,1
0.11,6.11,1
8.50,12.88,1
7.94,-4.41,1
4.97,17.48,1
-3.21,12.87,1
-5.07,-3.54,1
-5.12,-6.12,1
11.31,1.98,1
7.41,-6.86,1
0.87,13.38,1
4.46,-0.15,1
-3.29,-10.56,1
-6.26,1.94,1
-6.91,-4.56,1
3.36,-8.94,1
-13.65,-2.54,1
-3.52,-12.56,1
-1.98,-19.73,1
11.65,13.80,1
10.84,13.70,1
18.58,3.24,1
2.98,14.46,1
-0.72,-0.99,1
-3.58,-2.50,1
-0.51,-27.33,1
8.22,-12.41,1
-3.72,-8.96,1
1.02,17.94,1
-16.44,0.24,1
-29.42,-12.78,1
-11.09,-4.78,1
-3.20,8.51,1
7.98,-16.93,1
1.53,-8.31,1
19.80,-6.64,1
15.01,-1.78,1
11.81,-8.61,1
1.10,21.17,1
12.64,-2.58,1
7.46,-23.50,1
-9.50,10.31,1
5.01,-26.30,1
8.31,-4.86,1
14.47,5.31,1
-2.45,6.83,1
-1.50,14.59,1
7.05,3.41,1
-3.96,-2.55,1
0.45,3.45,1
-10.76,1.50,1
9.28,-3.66,1
-1.88,4.10,1
-0.40,-13.47,1
2.13,1.34,1
-4.06,0.65,1
-0.47,-0.53,1
-1.63,10.47,1
-1.78,-4.49,1
9.14,-7.24,1
1.11,-0.57,1
-11.09,6.96,1
-8.84,-13.64,1
1.84,10.85,1
6.69,12.35,1
-8.54,-1.44,1
2.61,8.88,1
-7.38,-1.93,1
0.46,-7.39,1
5.32,4.02,1
8.24,1.32,1
8.89,1.30,1
20.49,6.16,1
12.52,-2.67,1
-5.32,-8.17,1
0.82,-11.48,1
4.61,9.85,1
-1.14,14.15,1
3.15,19.14,1
-15.58,11.49,1
-3.21,2.36,1
3.50,21.50,1
-3.86,-7.64,1
-20.93,8.59,1
15.60,-5.49,1
-0.67,11.96,1
-10.67,1.04,1
-13.34,-6.14,1
3.60,-13.85,1
-1.38,3.48,1
13.89,-1.32,1
7.58,-1.53,1
1.80,3.24,1
-0.83,11.87,1
24.59,10.12,1
-10.82,1.22,1
-2.23,-26.43,1
-3.78,-9.53,1
-6.99,12.71,1
-1.89,11.02,1
22.24,3.35,1
5.83,-16.01,1
1.37,-21.29,1
-7.85,2.08,1
-0.78,5.88,1
-0.19,4.79,1
-6.24,7.04,1
10.88,-0.68,1
-2.37,17.34,1
-5.23,-3.79,1
-6.35,8.35,1
4.48,11.26,1
-3.45,0.99,1
3.76,4.17,1
-3.70,-1.80,1
13.34,7.01,1
-12.16,10.54,1
-4.70,2.99,1
-2.68,-2.42,1
-0.61,-5.01,1
1.81,-2.40,1
5.48,-7.55,1
2.96,15.18,1
0.41,0.62,1
0.78,5.85,1
10.41,6.30,1
-11.42,17.99,1
-9.15,-6.89,1
0.62,0.17,1
14.52,-15.71,1
7.17,-0.98,1
0.99,-11.25,1
-8.02,9.02,1
-1.49,7.58,1
0.07,-6.70,1
-8.82,-14.76,1
3.68,-4.26,1
-13.56,-17.96,1
11.43,-10.91,1
-18.83,-11.80,1
6.72,-10.20,1
0.33,-7.33,1
8.06,-2.41,1
9.47,-3.15,1
-15.01,-22.05,1
13.98,-7.17,1
-10.99,6.78,1
-8.27,2.27,1
10.31,1.97,1
6.39,15.72,1
15.36,7.97,1
-9.16,-11.72,1
1.69,9.22,1
2.31,3.02,1
-10.56,-16.12,1
-5.24,1.36,1
-0.55,-17.91,1
-4.29,-7.66,1
1.63,7.65,1
-2.39,11.40,1
24.34,-6.26,1
-13.62,17.12,1
2.22,0.24,1
-8.29,1.29,1
-19.94,11.04,1
-9.67,-0.47,1
2.37,-3.17,1
9.66,2.19,1
2.54,-19.16,1
3.40,-0.88,1
18.38,9.03,1
-4.27,-8.82,1
-15.06,-12.56,1
-7.60,20.42,1
6.56,15.08,1
2.94,19.10,1
6.13,3.70,1
9.36,0.55,1
-12.12,1.14,1
-13.11,2.82,1
-19.25,-2.70,1
12.67,1.32,1
-7.24,9.03,1
-13.76,7.50,1
19.66,0.99,1
1.14,-3.02,1
0.30,6.48,1
-6.89,-4.43,1
-6.73,3.19,1
-3.73,-10.71,1
8.53,-6.65,1
12.86,-3.31,1
7.52,5.70,1
-9.15,-22.20,1
27.40,3.17,1
14.93,2.09,1
11.38,15.72,1
6.99,4.74,1
-1.85,0.22,1
5.42,-1.04,1
-7.66,3.33,1
-9.21,-3.79,1
8.02,-16.20,1
16.23,-12.91,1
-6.12,6.94,1
-0.05,0.93,1
3.57,-16.94,1
-10.53,-0.45,1
-10.66,1.47,1
10.84,5.81,1
-5.80,9.59,1
1.29,-6.26,1
14.77,-5.16,1
19.72,20.86,1
-5.12,-3.64,1
-9.86,9.14,1
-3.19,6.27,1
1.71,-5.78,1
9.20,-11.42,1
-10.26,1.00,1
7.69,-20.06,1
2.47,13.01,1
-7.45,2.97,1
-9.15,-7.31,1
6.85,4.61,1
-12.44,-19.29,1
-6.42,-10.05,1
4.69,-4.69,1
-8.68,-9.81,1
11.09,0.11,1
14.24,-15.28,1
-2.71,-9.08,1
-17.61,7.91,1
0.97,10.20,1
7.29,-15.05,1
-12.44,3.49,1
-4.17,-2.81,1
-2.52,-0.02,1
-7.55,6.58,1
13.14,-12.70,1
4.96,-4.97,1
-0.31,-16.47,1
-3.06,-3.03,1
-0.15,0.95,1
-20.03,5.37,1
2.75,-13.41,1
2.34,10.88,1
-16.00,6.04,1
5.17,-2.46,1
-0.66,9.19,1
3.57,-8.96,1
6.51,10.71,1
0.60,11.20,1
-17.18,-22.93,1
-4.05,-3.40,1
-7.43,9.90,1
-19.69,-7.30,1
-16.11,-15.05,1
6.92,-7.15,1
2.55,4.16,1
-3.83,-8.74,1
8.16,-1.01,1
-17.02,-4.84,1
-0.70,-2.41,1
-3.79,-8.64,1
1.06,-10.07,1
-7.80,3.07,1
9.92,-6.74,1
13.33,-15.65,1
-2.15,1.65,1
-8.62,18.87,1
6.33,0.43,1
-2.44,3.84,1
11.16,-9.03,1
-0.64,-5.20,1
5.41,9.36,1
2.63,-9.72,1
-0.29,11.22,1
12.25,4.19,1
-18.21,1.88,1
8.31,-1.65,1
-5.59,8.78,1
7.25,27.16,1
-0.51,1.25,1
-14.78,5.32,1
-2.48,-0.36,1
-0.28,-0.23,1
19.78,12.99,1
8.59,-1.56,1
-2.78,-10.84,1
-2.87,4.94,1
22.67,2.17,1
14.35,-14.31,1
-3.50,-9.23,1
10.93,0.14,1
6.51,-16.89,1
13.74,-3.57,1
-16.28,0.23,1
-7.77,-7.11,1
-9.53,3.10,1
18.10,-3.45,1
1.94,10.52,1
16.96,1.74,1
-9.81,11.29,1
-12.87,3.74,1
-17.02,2.00,1
12.55,-3.01,1
-2.51,0.95,1
14.14,13.35,1
-4.95,9.99,1
3.35,-5.98,1
-12.64,0.38,1
7.83,-13.48,1
-9.87,25.32,1
3.33,16.19,1
10.29,2.73,1
1.99,-18.00,1
-9.74,6.28,1
-10.25,-0.71,1
-25.33,7.19,1
17.91,-6.00,1
-4.49,18.49,1
32.12,-7.34,1
14.93,-27.26,1
27.53,-2.20,1
-9.49,-4.88,1
16.41,-7.59,1
11.64,8.50,1
17.21,0.21,1
-11.04,-9.18,1
-5.97,4.11,1
5.42,7.86,1
13.61,6.44,1
3.66,15.78,1
11.46,16.38,1
-2.82,0.63,1
10.10,3.18,1
-5.93,-8.33,1
2.23,20.22,1
-10.62,6.99,1
2.52,2.24,1
-5.13,-10.01,1
-5.03,-2.46,1
9.41,8.00,1
-3.29,-13.57,1
17.69,-9.18,1
12.97,7.98,1
-4.16,-4.62,1
11.82,5.45,1
8.55,3.49,1
-8.76,4.63,1
9.09,-11.72,1
0.66,-9.66,1
1.69,4.27,1
3.34,-2.14,1
0.88,-3.22,1
-0.03,-12.08,1
0.07,14.95,1
11.68,-15.18,1
7.17,-2.09,1
3.42,8.22,1
12.33,-3.95,1
-7.39,4.79,1
-3.68,-8.79,1
7.34,-5.91,1
13.79,25.15,1
-0.90,-5.17,1
7.79,-15.13,1
5.02,-0.11,1
22.40,2.59,1
-7.73,10.27,1
1.82,-2.23,1
1.53,4.41,1
-13.00,7.65,1
-3.37,-1.32,1
5.93,8.79,1
-1.67,-3.21,1
-7.99,14.19,1
22.03,1.32,1
-2.28,-5.99,1
0.86,5.37,1
2.60,0.96,1
3.07,1.16,1
-0.81,11.50,1
2.74,-4.13,1
2.96,1.62,1
-4.50,9.22,1
-15.11,5.32,1
-1.61,-1.51,1
-7.08,-0.05,1
4.79,5.87,1
-9.47,1.32,1
8.08,8.59,1
1.50,18.81,1
8.14,1.54,1
-14.94,14.36,1
4.11,5.47,1
11.38,1.40,1
7.43,-0.19,1
13.75,18.83,1
-5.57,-0.95,1
-4.87,18.70,1
-9.24,-17.27,1
-14.45,-2.29,1
7.22,-1.97,1
-1.96,-1.58,1
4.70,-23.45,1
19.23,6.55,1
22.41,14.04,1
-7.59,8.42,1
8.99,12.46,1
0.23,15.70,1
-9.91,-9.06,1
-15.23,-4.76,1
-18.21,6.00,1
-10.10,-7.32,1
-11.22,5.71,1
9.79,-0.51,1
16.76,-8.28,1
-1.00,-11.32,1
4.60,-3.44,1
1.08,-13.19,1
4.88,-2.60,1
-5.28,-3.38,1
-0.13,8.28,1
-1.28,7.93,1
-1.07,22.69,1
3.80,3.71,1
5.45,20.12,1
0.00,5.55,1
-16.57,-2.18,1
5.08,-1.70,1
-7.04,10.37,1
-2.66,7.20,1
7.41,20.18,1
10.87,8.84,1
2.18,5.09,1
29.73,-5.16,1
0.59,-8.76,1
4.70,10.72,1
9.21,-10.62,1
-4.26,0.71,1
0.89,-6.53,1
-3.34,13.46,1
-3.84,-10.06,1
-5.57,-4.03,1
7.87,-10.93,1
9.63,-24.85,1
-10.34,5.29,1
-1.55,15.07,1
5.83,0.74,1
-10.91,-7.57,1
22.22,0.56,1
-1.17,-1.13,1
-3.35,12.94,1
11.65,-9.55,1
-1.02,8.01,1
-4.72,13.90,1
-0.28,8.13,1
2.23,-1.95,1
-0.89,-20.11,1
-10.14,-11.90,1
-3.24,4.12,1
-19.50,0.53,1
3.24,5.96,1
21.18,5.22,1
8.54,-12.15,1
2.09,6.45,1
-2.55,-3.80,1
8.91,5.08,1
6.67,-10.05,1
-9.35,-8.45,1
6.17,-7.43,1
-12.66,1.21,1
-4.31,2.79,1
12.09,2.02,1
-6.41,12.35,1
-4.53,-0.23,1
-11.61,-1.67,1
-10.68,-3.84,1
-10.21,-8.56,1
1.39,-18.50,1
-18.62,16.41,1
-15.47,10.21,1
3.20,16.14,1
-9.42,-1.73,1
6.70,5.35,1
13.80,-2.91,1
14.85,-24.14,1
-18.33,3.69,1
-7.65,-1.08,1
-3.68,-1.12,1
8.46,3.15,1
7.35,-4.77,1
-8.96,12.10,1
13.97,-8.44,1
-7.16,8.93,1
-28.63,6.76,1
8.93,11.52,1
-14.51,-2.66,1
6.87,11.23,1
3.52,16.98,1
11.91,8.06,1
-11.31,-4.82,1
0.76,-0.70,1
23.71,-12.14,1
9.13,-4.03,1
-10.67,2.85,1
10.77,3.38,1
-1.28,-5.32,1
-15.12,-5.53,1
9.31,6.58,1
4.69,-3.06,1
-6.73,10.13,1
-2.70,-13.52,1
-4.08,-4.87,1
-8.24,10.68,1
-8.89,-2.12,1
-18.48,-9.03,1
12.50,-8.84,1
-23.66,10.11,1
-10.38,7.82,1
-11.84,13.89,1
7.48,-10.36,1
5.21,-4.39,1
11.27,-12.11,1
8.32,-4.77,1
-8.20,-3.81,1
0.04,16.85,1
-12.54,-1.45,1
5.28,-8.92,1
-0.85,11.55,1
-1.96,6.25,1
-3.39,14.18,1
-3.15,-3.45,1
7.32,-8.79,1
-12.37,10.57,1
0.71,-5.06,1
7.72,-3.72,1
17.96,1.48,1
-1.66,11.37,1
-5.88,0.86,1
-3.04,14.56,1
9.35,-0.77,1
-10.67,16.68,1
-5.14,-11.78,1
-6.69,2.99,1
-6.87,1.48,1
-4.23,-2.48,1
1.02,-5.45,1
-6.23,-14.20,1
4.09,0.69,1
-3.41,0.82,1
1.29,-6.63,1
-0.51,-13.28,1
8.68,-0.87,1
-2.88,9.31,1
-3.81,2.29,1
-0.63,5.74,1
0.12,-6.99,1
0.50,-11.56,1
-2.56,5.81,1
-12.14,-8.64,1
15.38,0.55,1
0.05,-21.63,1
-5.38,-2.99,1
0.59,5.39,1
-2.08,-5.25,1
1.85,-3.85,1
3.23,-10.46,1
-0.92,-15.80,1
23.79,-8.26,1
-10.29,11.78,1
-8.64,11.49,1
24.52,-4.25,1
-8.96,-4.65,1
-7.92,-1.04,1
-2.60,-1.88,1
-2.41,-0.01,1
-7.62,-9.25,1
0.48,-10.84,1
-0.08,5.89,1
-8.94,14.29,1
-18.36,12.97,1
-2.20,3.65,1
4.45,-6.82,1
6.06,5.47,1
-4.24,0.13,1
-13.17,0.06,1
-3.21,-1.15,1
-11.43,-2.49,1
12.59,10.96,1
8.89,-10.95,1
-12.50,5.15,1
-8.21,-1.53,1
15.66,1.07,1
-10.63,1.94,1
-2.58,6.52,1
15.62,5.32,1
4.31,2.08,1
-12.30,-7.95,1
2.84,9.48,1
6.84,-12.76,1
-3.01,-0.19,1
-8.28,14.72,1
-1.82,-11.87,1
-6.89,-8.19,1
0.41,0.50,1
8.16,-2.33,1
9.40,10.42,1
6.26,15.78,1
6.07,10.36,1
-7.32,-0.98,1
7.55,-0.62,1
-3.24,9.45,1
29.07,8.84,1
1.55,20.09,1
8.52,-7.88,1
-2.77,6.11,1
-0.94,15.52,1
5.37,4.76,1
-13.19,-3.93,1
-11.47,7.59,1
-5.38,2.22,1
7.86,6.42,1
0.07,4.84,1
-9.30,-3.75,1
1.05,-6.58,1
16.15,0.45,1
-9.78,-10.63,1
-1.47,-5.12,1
14.08,1.39,1
16.23,3.20,1
0.94,-2.59,1
2.13,-4.89,1
2.93,2.46,1
-1.61,-3.96,1
17.27,9.90,1
18.39,-1.52,1
-12.54,-11.87,1
10.79,-7.54,1
-21.74,-5.48,1
-7.88,1.96,1
2.96,3.58,1
3.93,-12.29,1
-22.77,2.12,1
1.87,12.54,1
3.11,-7.02,1
-10.52,-0.85,1
4.49,-24.47,1
20.23,9.40,1
6.27,-1.25,1
2.65,-5.37,1
3.36,14.75,1
2.14,11.11,1
12.10,-10.27,1
-9.93,-11.24,1
0.76,-16.56,1
-3.88,-2.89,1
-3.93,-1.71,1
15.70,-14.14,1
-4.36,-3.21,1
7.64,-2.14,1
-3.87,-20.65,1
-11.02,8.88,1
-2.80,-1.45,1
-9.68,-5.11,1
9.73,4.92,1
-12.34,5.93,1
-4.17,-3.76,1
25.71,-1.28,1
14.39,-6.70,1
-2.52,12.51,1
4.69,16.18,1
-13.48,-7.41,1
-7.98,3.72,1
8.12,-9.06,1
8.78,-5.39,1
-4.52,7.91,1
4.98,15.91,1
7.44,14.67,1
10.28,-13.22,1
-10.54,2.08,1
-2.84,12.10,1
8.76,-10.86,1
-12.95,10.35,1
14.82,11.17,1
-8.24,2.76,1
2.94,20.45,1
6.86,-18.79,1
-12.89,12.82,1
4.44,-1.13,1
7.57,12.55,1
19.58,1.72,1
28.06,3.36,1
14.05,11.18,1
5.74,5.63,1
4.96,17.17,1
-18.01,22.51,1
-13.24,-18.67,1
-8.81,-11.18,1
1.66,-5.42,1
-0.75,7.54,1
11.86,9.96,1
-6.54,0.05,1
-0.25,0.13,1
-4.47,-3.23,1
2.72,-5.72,1
2.13,-4.96,1
9.99,-0.41,1
-2.88,20.09,1
11.48,7.58,1
-24.10,-12.52,1
-1.66,-12.71,1
-10.63,2.91,1
4.33,6.06,1
-17.72,1.85,1
-11.70,7.83,1
-3.40,1.68,1
0.83,0.99,1
18.15,-10.70,1
-6.88,3.58,1
-4.97,8.22,1
9.97,3.01,1
-23.44,7.27,1
4.52,15.78,1
-2.96,-14.08,1
6.26,-2.24,1
-0.23,0.68,1
-0.18,-7.37,1
-6.74,2.08,1
-4.04,-6.31,1
9.87,2.21,1
-0.41,16.32,1
-4.29,14.33,1
-0.12,-15.93,1
6.83,1.19,1
-5.82,13.82,1
-3.23,16.83,1
-7.10,6.23,1
17.27,0.39,1
-1.61,9.13,1
-10.54,-5.50,1
7.29,10.87,1
7.56,13.43,1
9.09,-0.53,1
7.14,4.11,1
-9.61,4.82,1
14.09,2.45,1
10.43,10.60,1
-9.26,-11.83,1
-0.38,-13.65,1
-12.48,-23.71,1
-0.18,2.27,1
6.96,7.17,1
-3.43,18.53,1
-4.40,7.58,1
2.16,-14.90,1
-6.66,-8.46,1
-6.40,12.81,1
-6.21,13.94,1
-2.29,-10.46,1
-2.09,2.39,1
8.53,-0.22,1
-4.56,1.64,1
6.24,-5.68,1
1.56,-18.44,1
-32.29,-21.67,1
-0.18,18.62,1
1.41,-0.57,1
-2.61,6.37,1
-17.60,14.45,1
12.51,-4.32,1
13.28,6.29,1
-2.14,-3.59,1
13.92,-11.32,1
-7.75,7.80,1
0.18,8.07,1
18.94,-2.80,1
18.35,-3.41,1
9.34,-11.16,1
2.95,-4.51,1
-8.27,3.53,1
-7.54,4.62,1
0.65,13.25,1
-1.01,8.62,1
-5.91,-6.77,1
1.01,3.52,1
5.57,-4.20,1
-2.60,10.53,1
1.17,-10.28,1
-15.96,-20.41,1
-22.32,0.19,1
-18.56,0.72,1
0.77,-4.92,1
-6.23,1.01,1
-21.63,11.31,1
3.39,-2.89,1
-10.52,7.00,1
8.72,13.91,1
-0.60,-0.36,1
5.23,-4.64,1
15.62,-7.51,1
-0.90,-12.53,1
-15.65,21.46,1
0.70,-8.51,1
-3.54,-19.16,1
5.96,4.42,1
17.53,8.91,1
-8.37,9.99,1
-11.60,-16.00,1
14.67,-11.60,1
5.84,-4.15,1
6.36,0.27,1
6.01,3.78,1
-3.76,8.73,1
-11.05,5.17,1
4.64,-2.68,1
2.51,3.56,1
7.73,-2.90,1
16.69,-13.77,1
-4.66,-13.28,1
-7.19,12.81,1
-1.57,0.61,1
8.59,-8.24,1
3.47,6.66,1
-1.09,-7.68,1
-6.47,2.86,1
17.94,3.03,1
15.60,-2.22,1
5.10,15.49,1
5.65,3.49,1
-13.31,-10.48,1
9.31,-6.18,1
-16.57,3.81,1
19.17,2.03,1
-6.19,8.74,1
5.22,-3.02,1
10.54,-12.76,1
1.62,7.04,1
10.76,-3.23,1
1.53,3.67,1
16.42,5.95,1
4.94,7.53,1
8.17,5.80,1
9.27,14.03,1
-5.81,-0.21,1
-22.42,6.97,1
-5.10,-11.30,1
-3.54,17.28,1
-10.06,1.17,1
-6.85,-16.99,1
-1.30,14.59,1
-2.10,-2.78,1
5.03,-2.27,1
3.73,-5.48,1
-6.08,1.77,1
1.95,-1.08,1
-0.10,8.86,1
13.48,1.86,1
11.70,-0.54,1
4.60,11.38,1
9.10,-2.66,1
9.76,-20.03,1
4.47,-1.48,1
7.62,-2.95,1
6.91,15.89,1
16.46,-8.61,1
-14.55,-13.37,1
-2.22,-4.57,1
3.77,0.03,1
-3.17,2.12,1
15.30,-1.31,1
-1.14,-1.54,1
0.99,-4.89,1
-24.57,-3.11,1
8.88,-15.27,1
5.38,15.92,1
17.45,-14.64,1
3.13,10.82,1
6.15,1.91,1
-3.46,12.13,1
-5.35,6.77,1
14.75,-8.15,1
-22.42,6.22,1
14.09,1.21,1
-4.30,-14.85,1
-9.93,5.35,1
6.63,3.77,1
10.06,-10.53,1
-13.67,17.59,1
10.88,4.87,1
-5.36,13.04,1
7.57,16.31,1
6.42,-2.87,1
-5.41,5.74,1
4.30,18.17,1
-4.39,6.64,1
11.74,-17.16,1
16.18,-2.80,1
-19.96,3.78,1
14.85,-3.92,1
-4.89,-5.50,1
-12.70,2.48,1
6.81,5.64,1
2.55,3.43,1
5.19,-11.29,1
3.00,11.47,1
-29.48,7.54,1
-12.45,-18.31,1
-9.55,0.67,1
-10.71,-1.53,1
8.61,11.00,1
-12.23,-3.01,1
7.58,11.10,1
6.69,-19.32,1
-12.74,12.38,1
8.62,-2.36,1
5.52,-0.89,1
-9.70,0.09,1
-14.28,15.03,1
7.04,0.06,1
1.84,-28.91,1
12.54,-9.14,1
6.36,-26.12,1
9.58,-6.70,1
-5.16,-5.05,1
6.72,12.09,1
-6.08,-7.86,1
6.90,11.22,1
5.85,1.43,1
-0.02,16.35,1
-2.96,7.88,1
5.04,-0.13,1
-20.00,5.77,1
3.60,-9.24,1
-4.15,6.14,1
11.24,3.39,1
-1.17,0.46,1
3.86,-6.19,1
6.92,-3.25,1
-7.01,5.11,1
-2.07,2.95,1
-6.11,3.87,1
26.77,-8.89,1
1.04,-1.72,1
17.24,3.02,1
-14.10,-19.27,1
4.41,-10.18,1
-9.68,0.25,1
-6.82,-8.65,1
-11.36,-7.30,1
2.21,4.47,1
16.08,-3.34,1
-8.98,-4.90,1
1.35,2.70,1
-12.96,8.25,1
5.56,-27.14,1
2.00,4.95,1
6.28,0.19,1
-15.45,3.95,1
7.55,-10.69,1
-0.73,1.03,1
-6.40,-19.42,1
16.64,-10.12,1
-5.66,1.71,1
3.02,-1.92,1
-7.94,2.25,1
7.29,-9.28,1
0.28,14.42,1
11.06,-0.41,1
7.86,-9.06,1
-2.11,15.15,1
-3.74,27.64,1
-4.14,6.19,1
-7.52,4.13,1
3.15,-10.64,1
3.68,-4.33,1
9.50,-5.83,1
-4.98,-11.56,1
-7.00,-14.34,1
13.29,1.16,1
-26.11,7.22,1
0.35,-2.75,1
-1.39,-3.22,1
0.70,-7.08,1
2.47,3.53,1
2.49,19.96,1
11.94,-9.17,1
-1.92,-2.19,1
-20.82,-5.91,1
5.19,-9.11,1
20.41,-6.17,1
11.37,3.66,1
-1.87,-10.92,1
18.68,7.97,1
22.81,10.10,1
8.97,7.94,1
7.64,-2.89,1
5.39,-0.21,1
-4.47,10.83,1
-8.45,-21.12,1
12.73,3.98,1
-4.18,12.53,1
0.56,13.86,1
8.19,9.52,1
9.74,0.77,1
0.66,6.33,1
15.07,-21.90,1
-14.82,-3.18,1
-8.24,-1.10,1
-9.02,-3.90,1
-11.15,-19.28,1
-8.72,13.07,1
-15.42,8.32,1
0.30,-0.52,1
-2.44,-0.87,1
-0.89,-1.68,1
5.11,-2.41,1
-0.78,-4.88,1
8.54,10.31,1
-7.87,-1.06,1
23.68,10.08,1
-6.66,1.30,1
-4.41,5.40,1
3.84,-19.27,1
8.75,9.11,1
1.48,7.86,1
8.16,-0.09,1
-3.90,-2.02,1
-20.56,15.85,1
-4.78,18.49,1
1.45,-21.49,1
-10.98,1.95,1
4.91,-0.10,1
-7.19,-10.09,1
-8.88,-0.23,1
1.14,16.97,1
-3.48,12.90,1
15.97,9.20,1
8.96,5.52,1
-13.31,-7.34,1
-8.05,0.97,1
-5.26,-18.36,1
0.57,-2.29,1
11.96,2.69,1
1.24,-13.66,1
-23.51,7.96,1
-23.51,-15.82,1
-8.61,13.72,1
-13.79,17.91,1
18.70,-6.87,1
-7.47,-7.12,1
23.03,-1.93,1
5.28,17.09,1
-3.16,-3.01,1
11.64,-2.98,1
-0.49,1.25,1
4.09,6.19,1
0.70,-12.97,1
-2.24,5.56,1
17.83,13.99,1
-4.80,-3.46,1
-2.55,0.26,1
-7.58,-6.04,1
2.47,5.73,1
-12.09,0.32,1
-14.44,14.52,1
8.82,22.94,1
0.85,-15.31,1
-6.24,3.90,1
-0.30,-8.63,1
27.00,11.49,1
11.67,-3.63,1
11.69,-9.16,1
1.83,3.05,1
-6.27,2.21,1
-20.20,8.21,1
11.34,-8.42,1
-10.28,12.84,1
-8.83,6.79,1
-7.13,9.23,1
-1.45,6.66,1
0.20,11.21,1
8.70,17.83,1
0.21,-6.18,1
9.82,5.80,1
-10.98,-15.75,1
1.91,6.36,1
2.20,10.94,1
17.89,-6.84,1
10.72,14.45,1
-4.45,-8.16,1
-11.72,-7.45,1
11.18,-3.16,1
16.04,4.22,1
5.63,16.13,1
-8.82,-18.32,1
6.54,8.50,1
1.84,-2.13,1
-1.08,10.78,1
-2.97,8.81,1
21.98,10.09,1
-5.30,-3.28,1
3.45,-5.87,1
-2.86,3.69,1
17.86,-4.96,1
3.47,11.93,1
2.41,-4.41,1
8.15,-10.79,1
-9.58,13.13,1
-8.93,4.52,1
-0.93,-10.32,1
18.67,-12.87,1
12.59,0.10,1
8.44,-9.80,1
7.42,-10.48,1
-10.46,-15.49,1
-2.23,10.45,1
-18.08,-11.04,1
-1.17,9.63,1
2.17,4.73,1
-7.83,-7.89,1
4.55,7.15,1
-8.10,-3.76,1
22.38,-10.29,1
-3.79,-6.12,1
5.75,-7.05,1
11.44,-0.96,1
-7.58,10.38,1
12.29,16.03,1
-2.16,5.60,1
5.20,-4.91,1
10.31,0.04,1
-4.72,9.04,1
-2.84,1.10,1
-0.09,7.23,1
-22.47,-1.52,1
2.95,0.79,1
15.90,-12.23,1
5.39,-6.29,1
-9.31,-3.94,1
18.35,-1.89,1
-8.05,4.84,1
8.47,-15.45,1
-7.29,-4.99,1
6.56,6.46,1
4.65,10.60,1
-6.69,-2.89,1
10.20,6.99,1
-4.73,-1.53,1
9.91,-6.66,1
-0.29,-15.04,1
-6.57,1.15,1
19.12,0.63,1
-0.90,-5.14,1
-1.05,-0.26,1
6.45,-12.80,1
-1.07,-5.25,1
-1.71,7.04,1
-4.64,4.42,1
-6.66,-7.31,1
-1.64,10.24,1
1.32,10.47,1
-2.18,4.14,1
11.81,6.87,1
2.28,10.63,1
-3.24,-1.36,1
-4.93,24.10,1
2.27,5.73,1
-10.79,-16.51,1
-19.44,-7.57,1
2.86,-8.55,1
-9.51,0.93,1
-23.79,-2.30,1
12.08,-6.38,1
5.75,1.39,1
-12.83,-11.57,1
3.10,-3.33,1
-6.35,12.87,1
2.30,-6.83,1
-11.36,-10.19,1
11.61,-1.33,1
15.71,13.06,1
18.38,-9.57,1
-6.36,-0.88,1
-13.55,14.44,1
-4.45,9.75,1
-3.92,18.33,1
8.15,-18.55,1
-10.59,-17.26,1
-6.18,-13.82,1
7.33,-6.64,1
-2.92,4.10,1
5.39,5.00,1
-3.52,-11.52,1
-5.31,5.56,1
-10.29,-5.31,1
20.98,-13.86,1
-8.68,-6.11,1
-9.19,-4.65,1
1.35,5.66,1
7.11,-12.92,1
-0.26,5.50,1
-5.74,-11.71,1
4.60,11.52,1
-7.97,-2.11,1
2.77,-3.32,1
-1.80,3.12,1
-21.71,2.77,1
-10.52,4.79,1
4.11,9.12,1
0.39,-6.05,1
-7.52,1.06,1
-12.55,-0.39,1
7.96,19.07,1
-16.70,-4.55,1
-13.09,-14.99,1
-11.41,-9.75,1
5.56,13.15,1
-12.91,-17.02,1
25.43,4.01,1
32.13,-2.83,1
13.11,2.02,1
11.41,5.41,1
-5.53,12.15,1
-8.10,-9.47,1
1.72,-10.62,1
5.57,-12.49,1
6.83,-0.27,1
6.39,4.63,1
20.18,20.34,1
8.92,13.17,1
11.76,-5.55,1
-3.79,-3.80,1
9.11,-8.18,1
-9.86,-6.51,1
3.35,5.83,1
6.19,-2.90,1
5.01,0.05,1
1.13,4.15,1
-7.49,5.20,1
6.76,-7.11,1
-5.54,-0.60,1
7.63,2.97,1
10.65,-17.82,1
-1.68,1.49,1
7.26,16.36,1
-11.33,-12.08,1
-0.81,-6.12,1
8.18,1.66,1
9.99,10.29,1
3.63,-3.41,1
-5.90,-5.88,1
5.56,-5.66,1
-2.96,8.94,1
7.53,1.81,1
8.39,6.75,1
-11.79,0.11,1
6.34,3.62,1
-20.81,-0.04,1
2.51,5.56,1
2.98,-6.40,1
4.73,8.54,1
0.03,-10.29,1
-2.54,0.92,1
4.35,-6.41,1
-11.83,2.94,1
-1.44,4.80,1
12.24,-8.52,1
-1.50,20.78,1
1.37,12.79,1
13.21,0.99,1
28.22,-1.10,1
0.64,2.27,1
2.43,8.75,1
13.52,10.01,1
6.11,5.65,1
10.53,-13.75,1
14.70,11.09,1
-13.72,5.49,1
8.05,15.13,1
1.61,3.31,1
10.87,1.69,1
-7.68,3.62,1
-5.14,-11.52,1
-8.95,11.21,1
6.09,14.74,1
-7.83,-1.58,1
2.82,3.34,1
-22.41,1.59,1
14.64,5.40,1
-2.54,-0.16,1
-0.41,6.70,1
-11.98,-3.78,1
-7.61,-4.58,1
13.36,-8.18,1
-0.04,-8.25,1
6.99,7.57,1
0.59,-10.92,1
-10.42,1.26,1
22.70,5.43,1
1.52,7.50,1
12.89,4.22,1
-15.05,-22.66,1
2.97,3.15,1
-3.66,-9.58,1
14.90,12.37,1
0.63,18.11,1
-3.67,29.72,1
-0.01,-5.99,1
-8.32,-15.13,1
-1.42,4.29,1
-13.60,-2.83,1
6.03,-0.24,1
-7.05,2.44,1
11.72,20.36,1
-11.93,-16.80,1
10.74,-13.25,1
1.11,-2.51,1
1.83,17.51,1
3.62,-12.56,1
6.19,4.87,1
-10.31,-6.15,1
3.77,-3.82,1
-3.66,-6.68,1
6.89,8.54,1
17.41,5.13,1
1.04,-13.18,1
1.64,-2.24,1
-4.59,-0.87,1
-5.41,-1.94,1
-20.98,-10.17,1
-1.34,-6.11,1
9.61,-2.11,1
-0.91,1.30,1
8.57,5.67,1
-16.68,-18.59,1
13.87,9.03,1
2.84,1.39,1
17.40,-3.29,1
-7.04,-15.36,1
8.26,0.59,1
-5.25,-11.99,1
0.66,-9.32,1
-1.84,12.51,1
26.22,6.31,1
-4.84,-3.09,1
9.03,-0.21,1
4.56,-0.74,1
11.95,-12.55,1
-10.53,-1.32,1
2.25,-0.17,1
-4.52,4.40,1
0.14,15.29,1
8.83,15.47,1
22.82,1.90,1
-3.74,9.43,1
-8.22,-3.05,1
-23.58,-17.49,1
0.59,-18.63,1
26.96,-16.07,1
-3.08,13.73,1
4.45,16.05,1
9.13,-5.22,1
-11.36,-5.04,1
4.05,6.57,1
4.42,11.82,1
-5.53,-0.83,1
4.71,20.77,1
8.60,15.91,1
1.15,6.23,1
15.65,9.07,1
7.36,-12.00,1
-12.45,-9.42,1
-7.10,6.77,1
1.68,-8.66,1
-3.97,8.55,1
9.56,-0.05,1
-17.73,-11.66,1
-10.64,13.97,1
1.29,-8.99,1
-15.59,-10.90,1
-4.08,16.27,1
-6.48,9.33,1
0.81,-10.62,1
4.85,0.14,1
-2.45,0.50,1
-3.84,-15.45,1
-5.59,-8.03,1
4.71,2.22,1
-8.30,-5.48,1
13.93,1.20,1
11.31,5.29,1
11.74,-0.14,1
-12.18,19.13,1
14.66,0.64,1
-1.71,2.72,1
12.49,-1.42,1
-19.67,1.62,1
12.97,-5.45,1
6.53,-15.36,1
-16.50,12.02,1
6.85,-13.15,1
14.42,17.22,1
8.06,-10.31,1
-2.19,5.35,1
-2.32,-2.14,1
-5.59,6.56,1
1.21,-6.84,1
-4.22,-7.65,1
-5.33,-4.58,1
-3.47,8.08,1
-14.59,6.13,1
-3.39,3.27,1
0.65,-2.09,1
20.00,-4.43,1
-1.35,7.29,1
-6.75,10.39,1
-2.79,-5.35,1
-7.49,-20.39,1
-2.78,-0.48,1
-14.14,8.40,1
8.95,-4.74,1
-9.65,0.89,1
-8.83,-6.09,1
14.08,-6.37,1
-4.93,7.17,1
-21.12,-3.60,1
-22.10,-6.15,1
9.85,-0.88,1
-6.15,-1.06,1
-15.96,17.64,1
-6.22,-0.69,1
-0.42,-4.58,1
-28.98,8.63,1
-3.82,-8.88,1
15.20,10.23,1
7.09,-3.67,1
6.90,-5.94,1
18.02,13.34,1
17.08,-9.40,1
2.18,-17.79,1
3.83,-2.58,1
-18.54,-8.96,1
3.05,8.52,1
-1.62,6.67,1
-5.42,9.05,1
-4.44,8.95,1
15.27,-1.29,1
4.52,-10.14,1
3.86,-13.21,1
7.05,22.49,1
-0.11,-1.13,1
-0.17,-0.09,1
-13.53,2.11,1
-18.03,-4.65,1
-11.67,11.81,1
-8.70,-20.94,1
13.61,10.17,1
1.50,-13.13,1
11.98,0.97,1
-3.70,-19.85,1
-6.55,2.66,1
9.64,8.71,1
1.10,2.08,1
3.03,0.90,1
3.68,10.54,1
-4.08,12.20,1
5.92,23.03,1
3.31,11.67,1
19.83,-4.69,1
-10.66,3.34,1
-17.27,-6.73,1
7.46,1.52,1
-7.82,-1.81,1
15.51,-9.54,1
-4.04,10.61,1
-0.14,1.20,1
6.61,-12.44,1
1.85,-0.88,1
-6.04,-1.18,1
-10.12,23.25,1
4.33,-6.58,1
9.04,2.44,1
9.00,6.98,1
-14.47,11.86,1
-10.27,0.51,1
8.08,-2.62,1
-3.79,2.00,1
8.93,-7.12,1
-9.81,11.28,1
16.48,-9.51,1
0.11,-6.15,1
-9.69,10.84,1
15.87,-9.00,1
-23.34,-25.32,1
9.49,8.25,1
5.37,13.76,1
11.84,2.09,1
16.91,-12.46,1
-3.99,8.38,1
-3.33,3.46,1
4.65,5.35,1
-4.05,-21.43,1
-9.95,1.29,1
-12.85,0.51,1
3.38,0.30,1
-6.78,-4.55,1
2.16,10.97,1
-0.73,-3.31,1
-9.58,2.52,1
-6.79,-3.31,1
-4.87,5.59,1
23.21,4.95,1
1.56,12.39,1
3.98,-13.87,1
-13.15,-8.30,1
2.63,-9.93,1
10.68,4.17,1
10.83,10.28,1
10.19,-6.91,1
-1.17,0.04,1
19.29,-4.81,1
2.32,14.32,1
-4.31,4.91,1
-1.60,18.09,1
1.80,0.78,1
2.80,-6.36,1
-0.45,1.44,1
2.52,-10.06,1
-8.30,5.08,1
-7.19,4.12,1
-6.15,-6.80,1
1.07,-1.06,1
-2.73,-0.33,1
18.97,6.98,1
-6.28,-2.57,1
-2.04,4.62,1
-2.21,-1.31,1
1.72,-11.53,1
-2.63,13.79,1
1.67,5.08,1
3.07,-7.51,1
-1.13,3.31,1
1.42,-26.02,1
-7.83,-13.31,1
-6.57,-8.10,1
4.14,2.80,1
-3.93,25.27,1
10.08,18.21,1
-9.00,3.74,1
-17.94,7.14,1
0.41,13.56,1
6.61,-11.11,1
17.91,1.37,1
-5.81,-7.64,1
-1.20,11.14,1
-6.37,-0.97,1
-13.37,1.47,1
19.08,15.82,1
-8.42,-1.13,1
1.86,1.00,1
-19.82,17.63,1
8.26,22.21,1
-9.01,-15.40,1
-25.01,9.21,1
2.09,4.85,1
1.05,3.78,1
6.98,0.70,1
-5.90,6.65,1
-1.37,5.46,1
-7.22,9.04,1
-3.76,-3.92,1
2.07,-6.96,1
2.49,-13.26,1
-8.62,4.08,1
-4.22,-5.16,1
-3.32,13.61,1
3.54,-5.34,1
1.61,5.97,1
26.29,-13.34,1
3.65,25.33,1
0.22,-5.38,1
-14.74,3.97,1
-6.39,7.69,1
14.27,8.47,1
9.88,2.73,1
29.87,6.39,1
17.96,2.10,1
9.24,0.12,1
-18.55,-6.86,1
-4.32,2.47,1
-3.60,5.82,1
0.71,-2.24,1
-5.35,-1.07,1
1.77,-14.63,1
0.60,-3.95,1
-10.38,-7.25,1
11.12,2.26,1
-1.57,0.09,1
-7.82,23.85,1
11.22,4.11,1
8.81,-0.45,1
8.83,-7.74,1
7.46,10.05,1
7.59,5.08,1
14.39,8.10,1
3.39,4.05,1
-0.76,3.03,1
-4.92,9.78,1
9.21,-24.12,1
5.17,-17.95,1
10.48,2.13,1
0.95,8.69,1
-7.18,-8.34,1
0.18,-7.31,1
-6.75,-12.07,1
0.87,6.07,1
-6.37,-0.64,1
-4.58,0.98,1
15.10,3.51,1
6.08,3.32,1
-6.20,20.27,1
21.10,-0.95,1
17.62,-2.97,1
-6.45,15.93,1
1.47,-24.11,1
0.12,-6.97,1
-3.54,5.32,1
-7.96,-0.34,1
-3.04,-10.41,1
23.88,0.33,1
8.28,8.08,1
11.19,21.04,1
9.28,4.61,1
1.68,-8.88,1
4.13,-10.00,1
-14.22,-20.37,1
5.39,18.36,1
1.80,-9.64,1
8.76,-8.79,1
8.32,-2.42,1
-4.65,-14.36,1
-5.67,5.51,1
-5.21,1.97,1
-21.86,-12.53,1
-14.51,0.92,1
-2.82,5.94,1
12.39,-8.48,1
-16.19,3.97,1
0.81,9.05,1
-5.65,6.03,1
-18.83,9.51,1
-2.01,2.36,1
-7.06,12.02,1
-9.23,1.38,1
-11.86,10.00,1
-6.04,-3.19,1
3.34,12.81,1
8.67,8.14,1
13.97,-5.33,1
9.35,-4.25,1
-6.57,10.25,1
1.33,-6.52,1
7.98,-7.83,1
-10.18,-15.89,1
-15.99,-0.06,1
-17.22,4.08,1
-5.39,-3.20,1
-1.95,-10.02,1
-8.86,-2.94,1
-5.91,-10.55,1
-4.11,10.27,1
1.57,0.33,1
-12.31,-4.44,1
-7.91,-10.44,1
1.83,12.03,1
-22.81,-0.28,1
-8.12,-0.74,1
0.53,-7.02,1
-0.23,16.08,1
-16.24,23.16,1
6.05,-8.13,1
-8.78,11.76,1
0.82,-2.49,1
17.21,9.42,1
9.52,-6.72,1
-4.87,-11.46,1
-14.01,14.25,1
-2.76,4.92,1
-2.52,-21.77,1
-2.30,4.83,1
-1.46,-10.14,1
6.28,5.79,1
-12.76,-16.31,1
8.48,-2.69,1
-0.19,-11.84,1
-13.80,-3.77,1
-12.87,-1.42,1
-7.56,0.99,1
9.05,14.90,1
5.41,15.48,1
-1.15,4.61,1
-15.23,-15.50,1
15.23,-4.72,1
5.56,3.46,1
3.93,10.62,1
-12.82,15.08,1
12.27,4.79,1
-12.86,-0.91,1
-12.04,-0.10,1
-4.15,26.04,1
-2.38,-2.51,1
-5.76,3.16,1
-6.24,-3.34,1
-22.45,0.90,1
-8.90,8.56,1
5.90,-1.18,1
-8.65,-0.91,1
-5.85,-1.41,1
-11.21,13.92,1
4.42,14.32,1
-10.20,14.82,1
9.68,3.26,1
17.96,0.39,1
5.58,6.53,1
-7.45,-0.86,1
3.31,-5.59,1
-3.31,2.47,1
24.20,3.84,1
14.48,-14.35,1
2.11,-3.79,1
11.39,11.47,1
1.49,-1.99,1
13.08,2.07,1
-18.55,-6.60,1
16.60,3.74,1
-10.25,17.64,1
-7.13,-0.18,1
3.12,4.20,1
9.21,-12.94,1
-12.28,-1.09,1
-5.14,-1.32,1
0.79,-7.81,1
-1.21,4.67,1
0.62,-9.76,1
-1.17,-5.45,1
-4.84,0.33,1
0.18,-6.74,1
-6.32,-13.02,1
5.67,-0.41,1
2.93,13.51,1
-0.74,0.25,1
8.41,-6.56,1
3.34,2.70,1
-6.11,-3.73,1
-9.05,1.96,1
9.26,18.86,1
6.80,-8.47,1
-18.77,-7.89,1
-7.97,13.35,1
10.48,7.16,1
-4.13,6.13,1
-21.09,11.29,1
8.11,-13.05,1
20.71,2.08,1
18.29,-7.99,1
-5.97,-4.95,1
-7.08,4.49,1
-12.26,-7.13,1
-7.53,15.58,1
-4.14,14.99,1
-5.61,10.80,1
-22.08,-2.11,1
3.43,9.38,1
-13.54,6.22,1
9.48,7.35,1
1.30,24.87,1
4.29,-3.36,1
-3.54,-2.03,1
7.28,-0.65,1
3.23,-10.40,1
-14.90,-0.29,1
17.52,16.52,1
3.33,-14.69,1
-4.44,-2.15,1
-5.63,-5.42,1
13.87,7.99,1
-0.59,-15.32,1
-12.31,1.80,1
-8.53,1.99,1
4.64,7.38,1
-12.31,-4.23,1
2.94,15.62,1
-5.57,-7.70,1
-7.34,-0.34,1
-6.27,-11.61,1
-1.30,0.88,1
12.39,4.45,1
1.64,-13.06,1
0.57,-0.72,1
-6.51,-1.86,1
10.44,-3.19,1
-6.03,-11.43,1
7.72,12.47,1
4.00,12.26,1
-7.67,-3.96,1
8.09,3.96,1
-4.04,-16.78,1
-2.92,-5.42,1
3.23,-5.89,1
20.56,8.41,1
1.54,9.55,1
13.82,12.28,1
5.80,-7.27,1
1.26,-12.42,1
28.55,2.95,1
3.36,1.75,1
12.91,-2.94,1
7.53,-2.39,1
9.03,-14.63,1
-7.26,15.41,1
9.41,-10.81,1
6.90,2.04,1
-12.19,15.83,1
-7.11,-5.92,1
-6.22,-6.33,1
-9.08,-3.92,1
15.52,3.70,1
-3.77,17.28,1
12.17,12.15,1
4.66,4.19,1
-20.69,9.64,1
4.21,-12.72,1
8.18,-2.21,1
4.37,8.50,1
-0.75,15.72,1
-11.13,-7.05,1
8.56,2.25,1
16.36,2.67,1
-9.55,9.70,1
-0.80,-8.77,1
-20.72,-0.10,1
-0.24,-14.41,1
13.40,-6.93,1
12.04,-5.99,1
-13.45,-0.25,1
12.37,11.20,1
-6.76,-5.12,1
-12.44,8.44,1
3.69,0.94,1
4.55,-9.02,1
10.71,8.21,1
-5.12,0.94,1
-7.26,3.35,1
5.28,-6.36,1
-10.08,5.52,1
-0.71,-13.30,1
-8.87,16.62,1
16.78,15.18,1
-3.80,1.13,1
-1.42,9.17,1
-9.34,0.82,1
-10.70,-2.26,1
5.90,-15.78,1
14.81,-3.43,1
4.23,2.07,1
-5.16,6.21,1
-8.96,-23.04,1
6.44,3.72,1
6.70,20.47,1
4.31,-5.95,1
4.67,10.23,1
6.95,-7.70,1
12.31,-7.63,1
-3.26,11.23,1
8.21,0.34,1
9.28,-7.80,1
0.56,0.42,1
-0.52,0.70,1
-1.56,8.15,1
6.65,-8.30,1
-1.27,8.31,1
2.58,4.12,1
-10.95,5.70,1
-8.62,-1.52,1
15.69,17.33,1
17.21,-0.65,1
4.69,5.50,1
-11.93,-3.19,1
4.44,-10.04,1
16.17,2.62,1
9.20,12.85,1
9.17,-1.78,1
-16.70,11.58,1
0.28,18.74,1
-6.39,16.25,1
-3.06,-11.59,1
-2.51,6.73,1
13.72,5.06,1
-8.23,3.09,1
-13.05,14.53,1
5.66,1.22,1
15.00,-22.50,1
-0.02,1.28,1
-17.25,-12.56,1
3.25,-2.15,1
-3.92,11.28,1
-2.41,-17.69,1
5.48,11.23,1
-2.56,13.61,1
-10.78,3.06,1
-5.57,5.29,1
6.51,-10.86,1
18.26,6.74,1
14.56,-0.32,1
27.13,9.10,1
6.82,-10.07,1
-19.90,-5.13,1
-3.38,3.87,1
-1.34,-15.82,1
-4.04,-11.67,1
-3.73,9.37,1
-4.60,4.74,1
-19.66,11.52,1
13.91,-5.00,1
8.01,-9.14,1
21.61,4.42,1
4.79,-11.38,1
-1.10,3.16,1
-0.75,-24.83,1
-14.68,-6.02,1
3.51,3.96,1
1.23,-6.31,1
20.74,-9.80,1
10.42,-20.50,1
7.75,-14.27,1
14.39,6.26,1
-4.89,-2.81,1
3.05,11.67,1
-13.64,-1.63,1
2.06,15.92,1
0.27,0.49,1
4.01,8.73,1
8.22,-2.83,1
-2.42,0.53,1
-4.16,-0.18,1
11.03,1.87,1
7.70,13.99,1
-0.10,18.55,1
7.80,1.09,1
-1.54,1.01,1
-10.65,10.48,1
-5.76,-11.40,1
13.39,2.77,1
-3.36,5.04,1
7.69,-12.86,1
0.91,-10.73,1
9.82,6.56,1
-9.81,6.41,1
8.59,9.42,1
-11.91,-4.17,1
7.71,-4.96,1
-7.75,18.98,1
9.14,3.98,1
4.90,3.83,1
-8.12,-3.26,1
1.87,7.25,1
5.68,20.28,1
12.43,-0.87,1
-1.35,0.30,1
16.63,-12.54,1
2.26,8.22,1
12.25,-1.80,1
8.91,2.17,1
-13.54,-7.24,1
5.44,7.59,1
-16.85,5.86,1
-10.58,3.74,1
-16.65,13.99,1
-6.62,1.22,1
-2.85,10.74,1
-3.01,1.75,1
-6.57,6.01,1
1.10,3.88,1
0.14,-6.56,1
-9.17,-12.14,1
-3.98,6.13,1
-9.85,3.36,1
-10.45,1.51,1
14.25,4.09,1
-2.09,-7.02,1
2.56,-3.32,1
3.48,2.79,1
10.61,-0.89,1
-7.21,6.11,1
-0.18,-11.19,1
8.28,-0.91,1
5.20,2.13,1
13.36,-1.41,1
3.81,9.24,1
-13.70,-6.31,1
-10.09,11.24,1
10.29,6.57,1
-9.70,-9.80,1
2.32,9.85,1
0.43,-7.98,1
-8.21,12.80,1
-7.10,8.16,1
-11.19,10.00,1
14.13,-4.94,1
-6.52,4.33,1
4.35,-12.87,1
-1.27,3.59,1
-16.19,-9.52,1
20.12,4.25,1
-2.25,-5.02,1
-6.92,-3.71,1
11.12,18.88,1
-21.14,-6.61,1
-5.98,17.89,1
-0.78,-1.34,1
-20.29,0.31,1
2.04,13.55,1
-7.23,-9.70,1
12.32,0.73,1
-10.24,-8.46,1
2.19,-2.49,1
6.76,-4.40,1
12.88,1.14,1
1.35,-2.61,1
6.14,0.47,1
-2.31,-11.14,1
10.44,-10.12,1
-4.64,-2.54,1
-5.78,-17.40,1
-8.29,10.63,1
-0.05,11.33,1
-0.62,-14.06,1
-4.65,10.33,1
-8.36,-4.18,1
1.33,-14.24,1
14.04,-4.56,1
6.55,9.23,1
1.75,3.17,1
-3.02,3.89,1
-5.72,-5.26,1
7.90,1.09,1
-9.80,-3.18,1
14.90,-1.10,1
-8.79,7.37,1
6.87,12.48,1
-4.36,8.63,1
-9.00,9.28,1
-2.87,16.54,1
1.98,7.97,1
-0.84,7.33,1
8.70,1.03,1
-3.52,5.72,1
-3.07,10.07,1
-0.10,9.28,1
4.51,11.55,1
-2.97,12.41,1
-0.51,-6.61,1
7.16,-10.88,1
10.41,-14.97,1
-9.48,-1.28,1
-4.93,20.73,1
-4.60,5.19,1
-3.37,10.13,1
-5.48,-1.35,1
-3.11,4.30,1
-1.57,-31.20,1
3.57,-2.26,1
-1.37,14.71,1
-20.91,14.72,1
4.13,-21.81,1
-0.18,-1.78,1
-8.24,13.81,1
-10.08,2.65,1
6.74,17.85,1
12.57,3.89,1
-12.67,-7.22,1
1.54,6.39,1
12.55,19.24,1
-6.69,-12.45,1
-13.98,-6.26,1
-2.77,-0.38,1
-10.04,15.31,1
1.16,-3.18,1
-11.18,-12.76,1
4.95,6.96,1
-6.39,-6.91,1
15.86,12.36,1
-16.08,12.18,1
1.20,5.64,1
-6.24,-0.87,1
-4.68,1.40,1
-5.57,9.05,1
7.11,-6.31,1
-9.84,-2.63,1
5.00,8.20,1
8.90,1.71,1
-8.18,-4.91,1
-29.88,1.77,1
-0.68,-7.61,1
-4.31,8.89,1
-8.31,-18.91,1
2.05,-7.66,1
-2.31,-5.07,1
-10.60,10.52,1
4.46,-9.14,1
11.04,13.97,1
-15.68,8.41,1
6.70,18.09,1
13.19,-5.21,1
-6.03,10.78,1
-3.08,-0.73,1
-10.33,-18.13,1
-0.37,5.10,1
-5.68,-12.02,1
18.44,-19.01,1
9.59,6.23,1
7.06,-12.41,1
-2.63,3.32,1
6.34,1.19,1
-5.78,12.25,1
16.48,-4.86,1
-0.29,-6.72,1
-28.58,-9.61,1
-6.41,5.75,1
17.51,0.76,1
5.80,-1.18,1
-10.53,-4.93,1
-7.80,-8.61,1
-11.56,-15.99,1
-1.06,11.75,1
-15.73,-7.40,1
-0.68,1.53,1
-3.00,4.75,1
13.12,7.24,1
4.60,3.77,1
3.76,16.17,1
15.62,1.45,1
-3.74,9.63,1
-19.70,1.19,1
2.04,1.72,1
-5.03,1.27,1
7.10,13.32,1
-10.00,-18.92,1
-20.34,5.44,1
16.55,-6.80,1
-14.41,8.70,1
7.68,17.24,1
-8.66,-2.97,1
6.44,8.06,1
4.14,5.45,1
3.47,-1.91,1
-6.63,-7.77,1
1.77,6.03,1
5.94,-18.93,1
-0.93,-5.62,1
-8.23,7.30,1
2.31,10.69,1
-4.49,15.35,1
-1.08,12.06,1
4.05,2.31,1
-3.50,-4.69,1
-5.43,11.75,1
2.48,7.58,1
6.51,0.59,1
7.33,3.76,1
13.48,3.89,1
5.88,-6.62,1
1.46,8.38,1
10.37,3.34,1
-6.22,5.59,1
20.23,-7.56,1
15.58,-3.03,1
0.17,-4.14,1
1.33,-5.41,1
8.88,-4.11,1
-6.49,4.96,1
2.53,-14.54,1
13.27,13.80,1
-2.24,-0.46,1
-21.61,2.49,1
-5.24,10.17,1
0.15,1.47,1
2.86,10.42,1
-10.58,9.47,1
-18.46,6.20,1
33.17,6.49,1
14.62,0.53,1
8.57,-4.60,1
9.37,-1.28,1
6.12,-14.36,1
0.64,-0.47,1
0.13,-11.55,1
16.51,4.09,1
-2.11,0.56,1
-2.14,0.74,1
-1.95,0.57,1
-9.36,12.38,1
-15.31,-5.61,1
8.87,13.42,1
5.78,-1.51,1
-21.78,13.52,1
-8.82,2.18,1
11.15,9.61,1
-11.09,-4.64,1
0.15,-4.05,1
4.40,17.25,1
-0.86,4.69,1
2.18,-16.25,1
11.26,8.28,1
7.11,-0.90,1
2.78,-10.79,1
19.93,10.37,1
-17.40,10.53,1
8.51,-13.50,1
0.04,-11.21,1
16.12,2.34,1
-5.87,-4.71,1
1.98,11.77,1
4.24,-6.16,1
-15.95,13.77,1
1.24,-14.26,1
-16.68,-7.70,1
3.66,2.10,1
12.59,-12.99,1
-12.81,6.43,1
-0.50,-3.51,1
-15.74,7.42,1
7.44,-1.66,1
1.24,2.31,1
10.02,-2.93,1
0.93,-17.85,1
1.30,1.72,1
-13.58,-5.32,1
-12.90,-6.64,1
-3.14,-1.17,1
12.26,-13.91,1
20.24,2.17,1
11.58,-1.76,1
4.85,14.83,1
-2.95,5.23,1
0.64,-16.36,1
2.09,-24.59,1
1.14,19.88,1
-7.41,3.26,1
12.67,-1.58,1
-3.28,-17.88,1
-3.45,1.73,1
5.32,-9.92,1
3.78,-0.91,1
-12.17,11.12,1
-1.45,25.07,1
0.63,-7.02,1
20.32,27.31,1
11.57,11.84,1
2.31,17.44,1
-6.52,-0.32,1
4.47,13.59,1
2.98,13.55,1
21.67,4.24,1
10.02,15.48,1
11.40,5.94,1
-6.34,3.39,1
10.69,-3.62,1
-5.74,13.62,1
-0.57,-8.80,1
-11.40,4.59,1
1.53,4.22,1
10.90,-10.11,1
-6.04,-9.02,1
3.58,-9.50,1
1.14,-8.16,1
13.94,-10.58,1
5.69,-3.05,1
-10.08,-3.41,1
11.33,2.73,1
0.06,-2.12,1
16.27,-1.34,1
21.76,-8.57,1
7.02,2.71,1
7.99,13.92,1
12.31,22.35,1
-10.30,0.80,1
-5.63,-10.65,1
2.83,2.47,1
-9.50,-4.65,1
2.55,-12.18,1
7.26,-4.19,1
-16.83,-8.38,1
24.31,-3.67,1
3.05,15.17,1
11.22,4.27,1
0.27,6.05,1
3.83,-1.49,1
-10.67,-6.40,1
1.88,-12.24,1
14.28,-5.01,1
0.23,17.16,1
8.13,8.93,1
-12.29,7.69,1
29.23,1.34,1
-6.77,16.23,1
-11.47,5.83,1
3.00,-3.77,1
0.05,7.64,1
6.66,-7.43,1
19.65,5.35,1
3.11,-4.52,1
6.80,5.47,1
8.34,-6.12,1
-18.85,9.79,1
6.94,8.49,1
-8.84,-2.86,1
2.82,8.38,1
-19.61,-2.87,1
-17.19,10.94,1
-6.43,0.94,1
-1.28,-9.13,1
-9.68,11.26,1
4.91,-10.98,1
7.02,11.88,1
10.89,-3.57,1
1.65,-1.40,1
20.28,14.08,1
-3.67,-2.39,1
20.80,28.87,1
-8.13,3.50,1
-4.39,-1.44,1
-1.70,1.79,1
-12.33,-11.80,1
1.81,0.93,1
6.60,6.99,1
-13.51,4.16,1
6.29,2.48,1
1.42,2.46,1
-2.28,-18.85,1
-4.73,15.80,1
-20.42,0.36,1
-15.96,-2.35,1
-7.82,15.36,1
6.55,-13.77,1
-1.23,2.20,1
-7.03,-4.62,1
10.05,-13.23,1
3.12,-1.28,1
22.09,2.58,1
-3.24,8.27,1
12.24,6.49,1
-12.04,-4.71,1
-6.40,22.83,1
9.22,-2.12,1
-0.49,-21.09,1
13.76,-0.19,1
5.30,10.26,1
8.41,5.18,1
-1.05,8.44,1
-6.31,-8.17,1
8.00,-2.47,1
19.84,7.92,1
6.66,-11.50,1
14.16,11.73,1
-4.31,-2.95,1
3.66,23.83,1
-8.57,-2.04,1
8.59,-5.43,1
4.92,-1.43,1
9.00,4.70,1
-3.04,6.12,1
4.48,8.45,1
-0.01,-3.44,1
-0.34,-13.46,1
-11.06,14.66,1
-4.69,13.95,1
3.85,-0.67,1
4.46,19.73,1
5.47,1.06,1
-0.09,-3.86,1
4.54,-0.75,1
-14.05,-3.34,1
-1.80,9.78,1
8.16,-6.16,1
-17.33,9.11,1
-1.36,5.96,1
-2.90,4.38,1
2.15,-10.82,1
-2.43,-0.36,1
-5.92,9.00,1
-2.44,-1.13,1
-9.99,3.85,1
24.28,-10.27,1
12.39,-25.95,1
5.18,6.99,1
4.74,-5.06,1
-4.75,-8.83,1
9.35,6.39,1
-9.88,4.81,1
0.31,-5.27,1
9.12,6.65,1
12.48,-17.82,1
1.94,11.39,1
5.42,-0.26,1
-17.02,-16.80,1
9.85,-0.47,1
-9.84,-6.12,1
-19.01,-22.24,1
27.97,-0.85,1
-12.89,1.53,1
4.56,10.27,1
17.73,-11.57,1
3.21,-13.31,1
-1.54,-4.76,1
2.65,-3.78,1
-3.75,4.92,1
21.46,20.16,1
-11.80,-1.51,1
1.40,-8.66,1
10.91,6.96,1
-0.37,2.89,1
2.77,-5.27,1
6.77,-6.80,1
2.52,-2.41,1
-7.58,4.46,1
-12.16,-17.73,1
3.42,-10.79,1
-1.28,-6.92,1
6.06,-3.81,1
-4.35,-12.78,1
9.48,-0.76,1
4.71,-2.32,1
12.16,-7.95,1
-16.87,-0.92,1
9.55,13.49,1
-9.34,-10.11,1
4.25,13.98,1
-3.42,-5.77,1
2.18,11.82,1
-12.40,-8.42,1
-10.76,6.87,1
4.59,8.65,1
16.32,-12.18,1
8.60,-2.45,1
-16.04,0.47,1
5.26,1.79,1
-13.80,-7.84,1
21.77,-8.38,1
-5.68,-15.76,1
8.65,1.38,1
-6.99,-4.06,1
0.34,3.89,1
-1.30,-5.54,1
-3.36,-5.78,1
-8.21,14.49,1
-7.79,3.42,1
-1.97,12.27,1
-5.62,-18.35,1
3.31,3.94,1
0.27,9.43,1
-10.87,14.24,1
1.21,-4.77,1
-1.88,-11.96,1
3.37,1.73,1
9.01,-0.26,1
-22.23,-1.47,1
-1.54,-14.73,1
11.91,-0.14,1
4.63,-2.46,1
-8.77,1.28,1
4.20,-1.24,1
8.23,6.57,1
17.23,16.56,1
-7.30,4.04,1
-1.41,3.96,1
1.18,-3.83,1
-16.96,-10.49,1
11.52,-1.68,1
-12.40,5.64,1
-1.55,14.14,1
-5.24,6.13,1
-6.31,-10.75,1
0.36,-3.51,1
22.45,2.58,1
-2.28,7.65,1
-9.80,-5.09,1
1.81,-6.11,1
-7.98,6.40,1
-10.43,-7.86,1
2.93,3.11,1
-4.05,2.66,1
19.11,-9.02,1
2.71,-13.32,1
-4.10,-0.50,1
3.52,-4.47,1
6.39,-29.37,1
0.86,11.04,1
10.89,9.37,1
5.47,6.29,1
-0.56,11.37,1
-1.18,4.69,1
4.84,17.61,1
0.26,9.79,1
8.63,-5.04,1
-21.17,-17.64,1
-12.12,-17.59,1
-7.89,-0.92,1
-3.51,-1.75,1
-4.86,4.79,1
1.83,3.79,1
-6.28,-1.65,1
-6.92,7.03,1
6.50,14.05,1
-0.78,-8.63,1
-9.03,-12.28,1
-3.25,-3.21,1
-13.59,-11.01,1
-0.38,-2.33,1
-12.69,-10.91,1
0.48,-26.05,1
4.56,2.70,1
9.41,8.42,1
-4.03,-0.23,1
0.15,8.79,1
-25.15,-3.95,1
-5.92,4.02,1
-1.98,14.42,1
5.51,1.52,1
-4.90,-13.33,1
18.58,-0.50,1
-0.72,-0.57,1
-9.26,5.90,1
-8.00,18.35,1
0.06,-3.67,1
-4.59,-1.65,1
4.61,-2.91,1
3.77,7.01,1
-7.23,0.85,1
1.27,-9.46,1
26.98,13.72,1
-2.58,4.93,1
-7.81,-14.55,1
-1.20,0.01,1
-4.82,3.11,1
-0.26,-0.83,1
10.40,18.50,1
15.53,8.21,1
18.83,-4.62,1
-9.23,2.12,1
-3.69,-0.75,1
-12.79,-23.13,1
17.53,6.64,1
-14.23,0.69,1
2.58,2.00,1
-19.75,-2.16,1
-11.80,-0.44,1
14.76,6.67,1
1.14,-13.29,1
18.51,9.49,1
11.30,-13.52,1
-11.17,13.21,1
-0.15,-11.07,1
-1.56,-0.87,1
3.58,1.05,1
-1.72,-9.91,1
16.46,-5.12,1
0.11,-10.17,1
-2.47,-2.31,1
10.13,-9.27,1
-2.75,-2.87,1
9.95,8.31,1
7.99,-11.08,1
-2.07,-22.98,1
-3.21,0.44,1
-12.67,-4.63,1
10.26,-5.06,1
-12.15,-2.98,1
5.94,8.70,1
17.35,-2.45,1
-1.05,-2.34,1
8.06,12.91,1
2.28,-8.15,1
11.96,0.87,1
9.47,0.48,1
3.21,-2.16,1
-8.32,-5.45,1
11.77,5.94,1
-13.49,-4.24,1
-20.72,-1.78,1
13.77,18.68,1
-0.47,3.06,1
-5.74,0.21,1
-7.45,2.12,1
11.64,5.41,1
-12.43,14.96,1
1.71,-6.50,1
9.15,7.66,1
-15.00,-3.06,1
-0.85,-16.74,1
7.91,-12.33,1
-13.30,-7.00,1
-5.68,0.64,1
-5.33,-9.14,1
-3.50,0.87,1
-1.14,17.36,1
7.16,-5.02,1
-6.68,3.83,1
8.81,6.93,1
-18.75,-9.68,1
-9.43,5.40,1
5.05,-9.03,1
8.89,21.88,1
16.49,-5.38,1
15.15,12.16,1
0.54,7.23,1
-29.56,-16.73,1
12.26,6.52,1
-6.40,7.52,1
4.16,11.22,1
10.03,8.87,1
-7.65,7.28,1
-7.77,14.74,1
-9.45,-4.02,1
4.85,-19.47,1
2.60,2.24,1
-6.70,3.80,1
5.97,-8.51,1
-15.59,16.00,1
0.70,-8.10,1
-17.86,27.89,1
1.26,5.27,1
10.57,-9.44,1
2.60,6.84,1
-9.28,-20.03,1
-8.06,-4.23,1
13.89,-3.12,1
19.58,4.42,1
-2.12,7.52,1
12.97,3.71,1
1.87,5.23,1
-2.68,2.14,1
15.02,0.53,1
-8.36,-3.03,1
2.32,10.03,1
-4.47,5.28,1
-15.25,-23.13,1
11.30,12.58,1
-13.58,5.92,1
-10.18,-0.98,1
-3.58,-18.08,1
0.56,11.06,1
0.37,-13.00,1
-9.74,-0.76,1
3.64,-2.09,1
-9.70,-14.76,1
-3.43,-3.71,1
18.32,9.47,1
9.23,-5.58,1
2.24,-5.91,1
-3.82,12.65,1
-14.13,9.37,1
6.22,-1.90,1
6.73,2.31,1
3.35,12.65,1
-6.99,-2.04,1
-2.92,-0.59,1
-6.74,-1.93,1
-15.15,9.43,1
-4.12,-6.89,1
-3.88,-5.70,1
-5.84,3.99,1
21.50,-13.18,1
-22.96,-20.09,1
14.96,6.13,1
16.44,-2.84,1
-4.57,13.54,1
-1.16,-2.35,1
8.00,-6.89,1
9.51,1.82,1
23.19,5.77,1
-0.71,-3.93,1
-1.85,-5.32,1
-0.75,7.60,1
-14.98,-2.32,1
1.88,-6.39,1
-25.18,2.76,1
-0.52,-1.93,1
4.68,-1.01,1
-4.08,5.74,1
-11.22,15.33,1
5.72,10.27,1
-1.96,1.07,1
0.21,0.52,1
-6.81,0.76,1
17.87,1.93,1
-13.32,-4.32,1
1.77,6.72,1
-7.61,-5.39,1
-12.51,0.19,1
-0.30,2.27,1
0.44,7.56,1
9.32,22.41,1
-5.51,3.92,1
6.65,-2.21,1
10.18,-2.89,1
-12.23,11.67,1
2.83,4.53,1
-9.73,-3.58,1
-11.55,-4.65,1
-14.04,-7.41,1
-8.06,13.38,1
-4.08,-5.14,1
3.07,15.47,1
1.48,-11.02,1
6.71,29.67,1
3.26,-1.33,1
7.06,4.05,1
3.44,4.84,1
1.75,-1.38,1
-26.74,-9.73,1
2.95,-16.29,1
-15.68,-3.76,1
0.33,2.47,1
19.24,-10.31,1
-0.85,-6.03,1
-7.03,-4.30,1
0.43,-0.66,1
-4.74,-8.23,1
-8.26,-2.89,1
-9.17,4.08,1
-19.26,-7.68,1
21.52,3.71,1
27.05,-4.26,1
4.20,2.48,1
5.67,1.77,1
-0.51,-9.72,1
-12.25,2.19,1
5.73,3.69,1
2.51,-4.73,1
-8.77,-3.13,1
2.54,-7.68,1
-1.72,-11.97,1
-16.83,-11.03,1
-19.31,-1.49,1
-4.34,5.72,1
-7.99,-3.47,1
-7.82,-5.65,1
-8.25,-0.87,1
15.88,17.72,1
11.25,11.70,1
22.71,9.60,1
10.42,-17.80,1
-12.76,11.44,1
-5.36,-5.95,1
10.44,-2.05,1
0.02,-2.04,1
21.43,0.85,1
18.38,-6.23,1
8.06,-5.09,1
-7.45,8.73,1
-0.50,-12.37,1
-15.01,0.77,1
12.42,-1.85,1
3.58,10.77,1
19.22,-6.52,1
6.56,-5.76,1
19.00,1.84,1
9.75,4.29,1
4.46,4.37,1
-3.85,22.80,1
2.24,1.11,1
6.45,-5.41,1
5.87,-5.08,1
-8.41,-0.83,1
0.03,-2.74,1
10.21,-4.74,1
10.30,16.49,1
-7.73,-10.76,1
9.02,-0.56,1
3.31,-7.76,1
-7.84,1.73,1
-18.18,9.36,1
-7.53,5.75,1
-14.38,-6.69,1
12.04,2.79,1
7.81,-5.26,1
-1.09,-6.18,1
-21.43,-2.69,1
1.40,16.24,1
15.48,5.33,1
26.17,-5.15,1
9.07,-1.68,1
11.64,1.44,1
-7.18,-14.69,1
-6.33,1.97,1
-0.80,-1.88,1
14.95,8.63,1
13.14,5.73,1
0.40,13.31,1
19.60,5.79,1
2.88,5.37,1
-18.58,10.22,1
3.79,11.60,1
-10.63,-4.91,1
11.67,26.68,1
-11.48,7.53,1
0.30,11.22,1
-0.88,20.74,1
14.59,8.03,1
-3.80,-2.39,1
3.88,-9.84,1
9.32,3.70,1
9.08,-6.87,1
-17.71,8.87,1
-11.13,-18.68,1
18.95,-22.22,1
8.88,-1.59,1
-8.81,2.41,1
8.42,-3.41,1
-5.65,-9.20,1
1.76,14.39,1
-0.90,-2.24,1
9.39,10.08,1
5.27,-10.61,1
4.00,-15.06,1
-3.57,-10.48,1
2.48,3.70,1
5.58,17.13,1
3.45,7.96,1
10.22,11.36,1
1.36,-3.81,1
-5.50,-6.94,1
5.12,-1.67,1
-5.82,3.96,1
-13.94,-13.83,1
-11.58,-6.94,1
-7.36,-12.54,1
18.39,2.18,1
16.15,-1.94,1
-12.14,-5.61,1
6.29,14.68,1
-24.36,13.70,1
1.32,3.06,1
-6.35,4.91,1
-2.62,13.45,1
9.27,2.73,1
-6.83,-10.26,1
17.26,-9.99,1
4.15,-4.56,1
-11.31,23.60,1
-7.38,-5.71,1
0.68,9.78,1
7.85,-0.47,1
-4.24,-20.31,1
-12.13,3.58,1
-10.56,-3.18,1
12.25,13.03,1
-1.18,-5.51,1
-14.75,2.77,1
17.67,-15.42,1
-9.47,24.78,1
-0.13,-1.19,1
9.57,-8.63,1
3.94,-29.48,1
8.62,20.62,1
8.83,7.63,1
-4.86,-3.50,1
13.62,-3.61,1
4.91,-0.69,1
-9.66,-6.19,1
7.50,3.75,1
-8.28,-10.62,1
8.16,-22.28,1
-1.23,-13.23,1
2.21,7.83,1
-11.87,-1.98,1
-1.27,-4.81,1
-16.68,5.39,1
0.04,-18.19,1
22.35,9.79,1
-6.64,-3.69,1
-9.63,6.24,1
-22.35,-12.03,1
-9.37,-15.19,1
-8.18,-6.76,1
0.89,-28.35,1
-20.37,11.70,1
7.35,-10.68,1
-1.02,-2.65,1
18.35,-5.26,1
6.33,8.04,1
-7.63,-4.73,1
2.69,-15.05,1
-11.87,-6.57,1
8.11,-15.56,1
-5.14,2.14,1
-9.29,-3.56,1
-2.30,-8.21,1
14.14,-1.54,1
10.03,11.38,1
0.91,2.78,1
-9.48,-5.09,1
4.50,-1.52,1
7.70,4.40,1
10.26,22.01,1
-14.60,9.83,1
-0.04,18.04,1
-2.48,0.82,1
3.38,-1.57,1
-8.24,-0.37,1
-3.60,-2.73,1
-0.30,6.56,1
-6.11,3.34,1
-9.16,0.86,1
18.27,8.95,1
6.13,5.90,1
11.19,0.01,1
0.24,-3.42,1
-7.41,-1.90,1
15.25,17.99,1
-5.71,-0.63,1
14.53,4.70,1
-11.36,6.18,1
-5.54,1.35,1
-10.16,-4.35,1
2.81,-8.66,1
12.72,17.54,1
0.65,12.48,1
6.42,13.73,1
19.41,7.64,1
-1.86,10.43,1
-8.88,11.38,1
-1.58,7.80,1
-11.10,16.37,1
-11.19,15.96,1
-26.99,0.94,1
10.51,2.28,1
-4.01,-0.38,1
-8.20,-9.96,1
7.63,3.06,1
-4.98,-8.98,1
-13.57,-5.90,1
-5.76,-8.45,1
12.06,9.42,1
1.60,6.88,1
11.87,3.34,1
7.70,-12.50,1
-8.06,5.68,1
-6.68,-1.51,1
-5.30,0.40,1
7.27,-12.32,1
-7.29,-15.83,1
-6.12,14.75,1
12.22,-0.00,1
-1.73,-11.65,1
18.31,6.43,1
14.72,-13.06,1
-2.96,1.20,1
6.58,15.27,1
6.53,-9.19,1
-6.45,9.42,1
11.04,3.07,1
-1.89,7.84,1
-4.37,-7.32,1
-13.20,-24.10,1
-7.15,8.97,1
-4.92,3.27,1
-2.91,1.26,1
-0.16,-2.79,1
-0.91,-1.89,1
-1.78,1.54,1
-1.50,8.31,1
-10.67,9.41,1
0.47,4.07,1
-11.14,-2.42,1
5.78,-10.75,1
11.44,13.98,1
-1.77,-3.41,1
-0.72,5.16,1
0.54,-19.85,1
-4.71,-9.06,1
8.45,1.34,1
-17.99,-0.90,1
-9.22,-5.42,1
2.19,2.81,1
1.61,-3.73,1
-20.16,0.27,1
8.93,-16.32,1
5.94,26.75,1
18.00,-8.46,1
20.31,12.56,1
4.86,-1.04,1
3.03,-3.16,1
-7.34,-2.41,1
-16.89,9.20,1
3.60,-12.31,1
2.26,6.55,1
-4.22,-6.80,1
7.08,-20.15,1
-2.73,5.49,1
-8.05,17.18,1
-9.87,-11.99,1
1.32,8.45,1
8.44,11.38,1
-2.41,5.72,1
2.95,15.02,1
7.88,-1.21,1
-8.22,11.87,1
-9.31,-1.32,1
-0.92,-0.00,1
5.74,-6.02,1
-14.33,5.34,1
-6.08,9.43,1
-8.72,-10.48,1
18.25,-6.52,1
24.40,-2.11,1
-13.51,-17.70,1
4.90,6.81,1
12.24,2.77,1
-7.04,-11.02,1
-21.95,-22.32,1
6.61,-8.51,1
-4.91,17.70,1
-9.26,-8.64,1
16.48,-4.03,1
-11.52,4.30,1
7.98,-29.43,1
7.81,0.30,1
2.11,11.80,1
-2.67,-5.72,1
4.17,4.65,1
-14.32,0.90,1
11.40,2.17,1
6.61,2.03,1
11.67,-5.35,1
6.84,-1.17,1
1.52,-2.56,1
-0.38,2.23,1
-6.66,-2.41,1
24.72,-7.44,1
-18.31,2.27,1
1.51,0.40,1
-19.54,-18.06,1
-8.66,1.87,1
6.39,0.22,1
5.89,-7.54,1
-15.98,0.21,1
1.97,-2.03,1
8.12,-7.01,1
1.35,-6.21,1
-7.07,-6.30,1
1.44,-2.98,1
-6.02,-4.61,1
-8.16,10.81,1
-9.85,3.99,1
-12.95,0.32,1
-1.86,-0.54,1
9.19,2.31,1
-8.28,-10.53,1
-12.05,-5.99,1
10.96,6.85,1
9.48,5.29,1
11.32,18.05,1
-1.98,3.73,1
-13.60,-19.34,1
7.66,-3.08,1
-0.13,0.43,1
16.21,-4.48,1
-4.51,-1.47,1
-7.11,-10.15,1
-10.24,-12.48,1
-10.69,-4.02,1
4.63,-0.29,1
1.45,-9.31,1
-8.13,0.60,1
11.95,-1.55,1
7.28,4.54,1
12.91,2.96,1
-0.94,6.43,1
6.98,13.69,1
2.66,-9.04,1
-11.18,-1.03,1
1.67,-0.68,1
2.61,-1.59,1
-3.84,9.48,1
9.93,-7.97,1
-1.81,12.11,1
14.13,-4.45,1
-5.09,16.10,1
12.15,10.23,1
4.83,0.07,1
-5.93,17.05,1
-2.64,-14.87,1
0.93,-12.05,1
2.19,12.72,1
6.04,-2.85,1
3.49,18.57,1
0.25,-2.60,1
6.88,8.00,1
13.73,9.85,1
-4.73,-11.80,1
-11.82,10.58,1
-1.51,10.93,1
-1.76,-6.64,1
2.69,10.04,1
8.24,6.88,1
-0.09,-4.36,1
20.11,6.08,1
4.34,-0.37,1
2.89,7.81,1
-1.06,2.68,1
1.15,6.98,1
18.82,-4.22,1
-4.77,-6.79,1
4.89,2.56,1
-13.67,-21.58,1
-7.20,4.91,1
-9.93,-0.27,1
-2.06,-12.21,1
0.14,16.77,1
1.51,-21.28,1
-2.44,-1.86,1
1.81,12.72,1
1.32,-5.22,1